<?xml version="1.0" encoding="UTF-8" standalone="no"?>
<svg
   sodipodi:docname="Map_of_the_2025_Anguillian_general_election.svg"
   inkscape:version="1.2.1 (9c6d41e410, 2022-07-14)"
   id="svg8"
   version="1.1"
   viewBox="0 0 307.52407 234.2932"
   height="885.5177"
   width="1162.2958"
   xmlns:inkscape="http://www.inkscape.org/namespaces/inkscape"
   xmlns:sodipodi="http://sodipodi.sourceforge.net/DTD/sodipodi-0.dtd"
   xmlns="http://www.w3.org/2000/svg"
   xmlns:svg="http://www.w3.org/2000/svg"
   xmlns:rdf="http://www.w3.org/1999/02/22-rdf-syntax-ns#"
   xmlns:cc="http://creativecommons.org/ns#"
   xmlns:dc="http://purl.org/dc/elements/1.1/">
  <defs
     id="defs2" />
  <sodipodi:namedview
     lock-margins="true"
     units="px"
     inkscape:window-maximized="1"
     inkscape:window-y="-11"
     inkscape:window-x="-11"
     inkscape:window-height="974"
     inkscape:window-width="1920"
     fit-margin-bottom="20"
     fit-margin-right="20"
     fit-margin-left="20"
     fit-margin-top="20"
     showgrid="false"
     inkscape:document-rotation="0"
     inkscape:current-layer="layer1"
     inkscape:document-units="px"
     inkscape:cy="699.51592"
     inkscape:cx="514.03822"
     inkscape:zoom="0.84915865"
     inkscape:pageshadow="2"
     inkscape:pageopacity="0.0"
     borderopacity="1.0"
     bordercolor="#666666"
     pagecolor="#ffffff"
     id="base"
     inkscape:showpageshadow="2"
     inkscape:pagecheckerboard="0"
     inkscape:deskcolor="#d1d1d1" />
  <metadata
     id="metadata5">
    <rdf:RDF>
      <cc:Work
         rdf:about="">
        <dc:format>image/svg+xml</dc:format>
        <dc:type
           rdf:resource="http://purl.org/dc/dcmitype/StillImage" />
        <dc:title />
      </cc:Work>
    </rdf:RDF>
  </metadata>
  <g
     transform="translate(2.4254389,-66.31085)"
     id="layer1"
     inkscape:groupmode="layer"
     inkscape:label="Layer 1">
    
    <path
       sodipodi:nodetypes="cssscscsssscscsscssscssssssssccssssccsscsccccssccccscsscsssssccscccsssscsssccsccsssscscc"
       id="Island-Harbour"
       d="m 222.05956,122.72017 c 0.9468,-0.1366 0.79722,-2.83776 1.88048,0.1954 0.31762,0.88932 1.1636,2.14882 1.9782,2.63758 0.34508,0.20707 0.45406,0.70019 0.87918,0.85477 1.14708,0.41712 2.6244,0.60442 3.61446,-0.24422 0.1854,-0.159 0.38368,-0.62317 0.61056,-0.70825 2.89797,-1.08674 5.29601,-3.7668 8.45003,-4.02964 2.6672,-0.99964 5.3688,-2.3676 8.15699,-3.29698 0.64482,-0.21496 1.39594,0.43392 2.10028,0.29306 0.51918,-0.1038 1.7633,-1.14944 2.22242,-0.53728 0.65078,0.8677 -0.97524,2.07094 -1.2211,2.80852 -0.31402,0.94204 3.25252,3.79144 4.24942,3.49236 2.38918,-0.99346 4.17016,-3.25864 6.62633,-4.13582 1.63288,-0.58318 3.70048,-0.35152 4.86986,-1.81326 0.65096,-0.1626 1.4658,-0.37254 1.8871,-0.96236 0.46578,-0.65208 1.27502,-1.56992 2.05146,-1.8805 1.23442,-0.49376 4.49255,-0.79002 5.83687,-0.3419 0.4239,0.1414 0.7088,0.81828 1.14784,0.92804 0.6079,0.152 0.91096,-0.63498 1.5386,-0.63498 0.5399,0 1.1231,0.8387 1.83164,0.36634 1.70196,-1.13464 -1.3045,-2.4029 1.83166,-4.49367 2.64492,-2.24076 5.73008,-3.32072 8.58677,-5.03472 0.96364,-0.57818 0.27954,-2.8386 0.75984,-3.79918 0.43642,-0.87286 1.63782,-0.1872 2.24496,-0.79438 0.44098,-0.44097 -0.74152,-0.98122 -0.8289,-1.24337 -0.1144,-0.34322 1.55758,-2.072282 1.93412,-2.072282 0.21542,0 1.09776,1.008139 1.34698,1.174293 0.6043,0.402864 1.7316,-1.342275 2.55582,-0.518071 1.3758,1.3758 -0.9591,2.29809 -1.34698,3.07389 -0.3428,0.6856 0.0602,1.36482 -0.20724,1.89958 -0.64808,1.29618 -1.8999,1.9329 -1.38152,4.00642 0.1402,0.56104 0.3233,1.46926 0.65622,1.96866 0.22412,0.33616 2.69554,0.89642 1.65782,1.93413 -1.52748,1.52748 -3.60318,-0.50685 -4.93892,0.82892 -0.88638,0.88638 -0.66,1.80352 -1.1743,2.8321 -0.48458,0.9692 -2.43106,2.02718 -3.2811,2.4522 -0.1586,1.09496 0.25546,1.31638 -0.22162,1.98606 -0.21673,0.28896 -0.73831,0.93592 -0.96423,1.6936 -0.1932,0.64796 -0.48124,1.16074 -0.79416,1.2859 -2.49074,0.99624 -7.64638,1.60644 -8.55994,4.34713 -0.7622,0.98264 -0.69674,2.32758 -1.06482,3.43184 -0.1922,0.57674 -2.65426,0.73716 -3.29839,1.10522 -0.26546,0.1516 -0.49834,0.72406 -0.62168,1.0016 -0.8502,1.91296 -1.25154,3.66706 0.19,5.37066 1.29513,0.54004 1.96001,1.79875 3.08535,2.47397 0.26088,0.1566 1.72554,-1.38363 1.92934,-1.58745 0.24452,-0.2445 1.55464,0.53226 1.80724,0.68382 1.3174,0.79045 0.53278,3.27091 -0.0244,4.27387 -0.34374,0.1468 -0.61792,0.60642 -0.71888,0.95978 -0.1354,0.47426 0.24598,0.96744 0.1382,1.39878 -0.0876,0.35018 -1.05006,0.1714 -1.31244,0.27632 -0.71698,0.28678 -0.8611,1.23152 -1.60602,1.5024 -1.15888,0.4214 -2.31732,-0.52548 -2.86665,1.12248 -0.0972,0.29182 0.69989,1.4434 0.81165,1.7787 0.25218,0.75656 -0.40552,0.97926 -0.58715,1.43334 -0.1752,0.43804 0.13661,1.11568 -0.018,1.48512 -0.23824,0.62759 0.35177,0.67163 0.68873,1.00859 0.37944,0.37944 -1.08289,1.39984 -0.78151,2.0026 0.57259,1.14518 1.31823,2.8091 0.122,4.00522 -0.4397,0.4397 -1.58834,-0.7226 -1.95376,-0.8792 -0.3243,-0.139 -1.00336,0 -1.34322,0 -1.80824,0 -1.99698,0.46458 -2.97948,1.58744 0.008,0.4082 0.47746,0.62428 0.73276,0.96466 1.5859,2.11454 1.7567,2.3658 -0.73266,3.7488 -0.502,0.27888 -1.0839,0.79868 -1.64848,0.69602 l -0.20288,-6.45102 -14.81681,-0.43172 c -0.80374,0.36478 -0.1266,1.29212 -0.50054,1.79074 -0.37744,0.50326 -3.73848,1.44694 -4.6646,2.00262 -0.85755,0.51452 -1.62551,0.95522 -2.44223,1.53858 -0.72576,0.5184 -1.3528,3.20301 -2.4422,2.93065 -0.20336,-0.0508 -0.46786,-0.26219 -0.58612,-0.43961 -0.34782,-0.5217 0.6801,-2.50806 0.92804,-3.0039 0.33438,-0.66878 -0.2003,-2.74998 -0.41518,-3.39466 -0.48396,-1.4519 -1.25156,-3.358 -2.58874,-4.24944 -0.31058,-0.20706 -1.14836,0.146 -1.36764,-0.0732 -0.89158,-0.8916 -1.19962,-4.68315 -2.80854,-1.46534 -2.07762,0.69874 -2.42826,-0.23618 -3.76597,-1.12798 -0.35318,-0.23544 -1.07578,0.1834 -1.55422,-0.1036 -1.1031,-0.66187 -1.65292,-1.77283 -2.97026,-2.27951 -0.1122,-0.0432 -2.1532,-0.0514 -4.01576,-0.26052 -1.9481,-0.21864 -3.72538,-0.63746 -4.0316,-0.63746 -0.89267,0 -1.94213,-0.58448 -2.76305,-0.31084 -0.0888,0.0296 -1.15806,0.86136 -1.24336,0.69076 -0.22888,-0.45776 1.55608,-7.46582 1.86506,-8.39274 0.1636,-0.491 0.8787,-0.5984 1.07066,-1.1743 0.20906,-0.62712 -0.28524,-1.42378 -0.1036,-1.96866 0.1848,-0.55467 0.57301,-1.03533 0.79437,-1.58875 -0.0638,-4.29998 0.24022,-8.37586 -0.49983,-12.44598 3.08931,-0.99175 2.09359,-2.75797 4.59137,-3.51679 z"
       style="opacity:0.998;fill:#96cdef;fill-opacity:0.97254902;stroke:#ffffff;stroke-width:0.265;stroke-linecap:butt;stroke-linejoin:miter;stroke-miterlimit:4;stroke-dasharray:none;stroke-opacity:1" />
    <path
       style="opacity:0.998;fill:#ffc614;fill-opacity:0.97254902;stroke:#ffffff;stroke-width:0.264583;stroke-linecap:butt;stroke-linejoin:miter;stroke-miterlimit:4;stroke-dasharray:none;stroke-opacity:1"
       d="m 266.59319,167.08284 -0.20288,-6.45102 -14.81681,-0.43172 c -0.80374,0.36478 -0.1266,1.29212 -0.50054,1.79074 -0.37744,0.50326 -3.73848,1.44694 -4.6646,2.00262 -0.85755,0.51452 -1.62551,0.95522 -2.44223,1.53858 -0.72576,0.5184 -1.3528,3.20301 -2.4422,2.93065 -0.20336,-0.0508 -0.46786,-0.26219 -0.58612,-0.43961 -0.34782,-0.5217 0.6801,-2.50806 0.92804,-3.0039 0.33438,-0.66878 -0.2003,-2.74998 -0.41518,-3.39466 -0.48396,-1.4519 -1.25156,-3.358 -2.58874,-4.24944 -0.31058,-0.20706 -1.14836,0.146 -1.36764,-0.0732 -0.89158,-0.8916 -1.19962,-4.68315 -2.80854,-1.46534 -2.07762,0.69874 -2.42826,-0.23618 -3.76597,-1.12798 -0.35318,-0.23544 -1.07578,0.1834 -1.55422,-0.1036 -1.1031,-0.66187 -1.65292,-1.77283 -2.97026,-2.27951 -0.1122,-0.0432 -2.1532,-0.0514 -4.01576,-0.26052 -1.9481,-0.21864 -3.72538,-0.63746 -4.0316,-0.63746 -0.89267,0 -1.94213,-0.58448 -2.76305,-0.31084 -0.0888,0.0296 -1.15806,0.86136 -1.24336,0.69076 l -1.68448,2.22186 -0.80592,0.29307 -0.24422,0.53728 3.73656,6.03226 0.1222,0.36632 -0.90362,0.6594 -0.0822,2.04716 -1.41606,1.20884 -0.1036,1.31244 -1.03614,0.89798 c 0.5474,4.74817 0.0288,7.75793 -1.30808,10.89677 -0.5269,1.23702 -1.58932,2.49408 -2.1459,3.8855 l -0.59364,1.35263 3.37396,0.90962 0.1208,9.9642 c 0.1924,0.1942 0.39066,0.26616 0.64766,0.1728 0.34216,-0.1244 0.35738,-0.42646 0.56124,-0.63032 0.42022,-0.42022 1.1643,-0.64928 1.6751,-0.94116 0.24062,-0.1376 0.62098,-0.1358 0.88934,-0.164 0.47898,-0.0504 0.96976,-0.22164 1.45924,-0.1726 0.58874,0.0588 1.11949,0.42308 1.73555,0.42308 0.7812,0.39314 1.12956,-0.69578 1.681,-0.87958 0.41064,-0.137 0.8962,-0.0728 1.29436,-0.23202 1.0072,-0.40288 1.99114,-0.95894 2.97948,-1.4531 0.35162,-0.20418 0.71176,-0.43092 1.00132,-0.72046 0.58398,-0.58398 1.00066,-1.30642 1.92934,-1.53858 1.07442,-0.26862 2.2833,0.1588 3.3336,-0.36634 1.71859,-0.85928 0.621,-1.81444 3.44353,-2.0026 1.25972,0.2665 2.94716,-1.79832 3.6633,-1.94156 0.69088,-0.1382 0.26036,0.44072 0.85478,0.61056 0.26,0.0742 1.62908,0.0474 1.80722,-0.2198 0.0832,-0.1248 0.0666,-0.22864 0.2198,-0.30528 0.1292,-0.0646 0.64806,0.006 0.6716,-0.1588 0.0996,-0.69782 -0.83286,-1.38587 -0.6716,-1.58745 0.43712,-0.5464 0.77636,-0.69736 0.62276,-1.46532 0.012,-0.1448 0.0522,-0.3228 -0.01,-0.45852 -0.1022,-0.225 -0.142,-0.43238 -0.33676,-0.57852 -0.47788,-0.35842 -0.82908,0.1162 -1.45922,-0.82892 -0.0548,-0.0822 -0.1758,-0.21258 -0.1296,-0.3281 0.20558,-0.51396 0.93252,0.181 0.93252,-0.87208 0,-0.1354 0.0412,-0.3424 0,-0.46626 -0.1644,-0.49326 -0.84816,-0.55926 -0.31084,-1.0966 0.46116,-0.46116 1.603,0.3536 1.8737,-0.63894 0.0696,-1.95584 2.84906,-1.23252 3.45436,-2.74578 0.3003,-0.75072 0.70992,-1.38528 1.07069,-2.1068 0.41166,-0.82332 -0.73547,-1.95344 -0.24177,-2.69399 0.30245,-0.45366 0.71727,-0.41044 1.20883,-0.65622 1.95902,-0.9795 1.46918,0.97637 2.48674,1.48515 0.8117,0.40584 1.95318,0.79228 2.59034,1.58874 0.20986,0.26232 0.229,0.92828 0.55262,1.03614 0.5656,0.1886 2.91934,-0.0636 3.5574,-0.2763 0.49374,-0.1646 2.258,-0.2548 2.6249,-0.62168 0.99888,-0.99888 2.38631,-3.32509 3.86825,-3.69557 0.9721,-0.24302 2.61874,0.1952 3.69122,0.2169 z"
       id="Sandy-Hill"
       sodipodi:nodetypes="cccsssscsssccsccssscccccccccccscccccscccccccssscscsscscccssscsc" />
    <path
       sodipodi:nodetypes="ccccccsccscscsscscsscccccsssccsscscsssccccsscsssccssc"
       id="Valley-South"
       d="m 211.37119,194.39272 -0.1208,-9.9642 -3.37396,-0.90962 0.59364,-1.35263 c 0.55658,-1.39142 -4.50726,-1.83446 -4.50726,-1.83446 l -0.83037,1.95376 c -5.56554,-2.36412 -12.55574,-4.2196 -17.18115,-7.3032 -1.09274,-0.7285 -0.8741,-1.52176 -1.86506,-2.07228 l -4.61876,0.70566 c -1.32148,-1.01562 -2.16556,-2.26726 -3.63888,-3.00392 -0.64492,-0.32246 -2.61621,0.68078 -2.93065,0.36634 -0.96236,2.73072 -2.78814,4.65808 -5.28772,6.32446 -2.0401,1.36008 -4.66698,3.13836 -6.14638,4.8291 1.8793,0.72557 3.7344,0.49115 8.00118,0.59689 1.57366,0.039 1.77576,0.28374 3.0481,0.25908 0.31716,-0.006 1.9571,-0.1034 2.16762,0.0552 0.25661,0.1924 -0.1608,0.94008 -0.33976,1.13476 -0.2101,0.22866 -0.44964,0.40748 -0.74708,0.57478 -1.4805,0.83278 -2.76194,0.41398 -3.4265,0.68296 -0.48464,0.1962 -0.5221,0.92664 -0.2246,2.71172 0.0696,0.41768 0.0952,0.82062 0.1954,1.2211 l 1.07462,3.5898 -9.06058,3.56562 -0.75708,0.95247 0.4396,28.64708 c 1.2522,1.34648 1.26728,-2.42023 1.47686,-2.83941 0.20396,-0.40792 0.78768,-0.947 0.91526,-1.32972 0.1208,-0.3623 0.087,-0.82984 0.29358,-1.13976 0.0986,-0.148 0.89792,-0.3799 1.10522,-0.43172 0.4443,-0.1062 0.842,-0.2908 1.20882,-0.53534 0.6271,-0.012 0.52628,-0.5156 0.83712,-0.90414 1.35684,-1.69606 0.45724,-0.77678 1.02572,-2.198 0.0794,-0.1984 0.40008,-0.20826 0.4396,-0.36632 0.40404,-1.61614 -0.92084,-4.79164 2.17356,-3.90752 2.34392,0.66968 -1.65704,4.59886 0.8792,4.17616 0.24406,-0.0406 3.26573,-2.35868 3.46793,-2.662 0.45844,-0.68766 0.36994,-1.4445 1.00132,-2.07588 0.098,-0.098 1.78564,2.024 3.51676,1.83166 2.14338,-0.23816 2.92696,-4.07257 4.95768,-2.29568 1.38888,0.129 2.93116,-0.0852 4.20263,-0.50909 0.3229,-0.1076 0.44688,-0.74762 0.69076,-0.8289 0.40246,-0.1342 0.86122,-0.0484 1.10522,-0.41446 0.61916,-0.92876 1.84802,-0.57012 2.69396,-1.41606 0.89404,-0.89404 0.32868,-2.57922 1.48514,-3.35018 0.29618,-0.1974 1.83476,-0.018 1.93412,-0.41446 0.431,-1.72402 -0.1008,-3.08588 2.10682,-3.4538 1.73206,-0.28868 2.30918,1.34836 4.00641,0.86344 1.37238,-0.3921 2.7159,-0.1954 4.14456,-0.5526 0.72728,-0.1818 1.26128,-0.94126 2.03774,-1.07068 0.53242,-0.1404 0.33296,-0.61548 0.89798,-0.51806 0.43084,0.1436 0.6735,0.40232 1.05342,0.25904 0.29648,-0.1118 0.38458,-0.21248 0.50598,-0.29398 0.31406,-0.21082 0.163,-0.39158 -0.69594,-1.03574 z"
       style="opacity:0.998;fill:#ffc614;fill-opacity:0.97254902;stroke:#ffffff;stroke-width:0.264583;stroke-linecap:butt;stroke-linejoin:miter;stroke-miterlimit:4;stroke-dasharray:none;stroke-opacity:1" />
    <path
       sodipodi:nodetypes="cccscccccccccccscccsccsscssccscccscsssccscsccsssssscc"
       id="Valley-North"
       d="m 217.46819,126.23696 c 0.74005,4.07012 0.43603,8.146 0.49983,12.44598 -0.22136,0.55342 -0.60957,1.03408 -0.79437,1.58875 -0.1816,0.54488 0.31266,1.34154 0.1036,1.96866 -0.192,0.5759 -0.90706,0.6833 -1.07066,1.1743 -0.30898,0.92692 -2.09394,7.93498 -1.86506,8.39274 0.0852,0.1706 -1.68448,2.22186 -1.68448,2.22186 l -0.80592,0.29307 -0.24422,0.53728 3.73656,6.03226 c 0.2827,0.55148 -0.37078,0.72606 -0.78142,1.02572 l -0.0822,2.04716 -1.41606,1.20884 -0.1036,1.31244 -1.03614,0.89798 c 0.5474,4.74817 0.0288,7.75793 -1.30808,10.89677 -0.5269,1.23702 -1.58932,2.49408 -2.1459,3.8855 l -4.50726,-1.83446 -0.83037,1.95376 c -5.56554,-2.36412 -12.55574,-4.2196 -17.18115,-7.3032 -1.09274,-0.7285 -0.8741,-1.52176 -1.86506,-2.07228 l -4.61876,0.70566 c -1.32148,-1.01562 -2.16556,-2.26726 -3.63888,-3.00392 -0.64492,-0.32246 -2.61621,0.68078 -2.93065,0.36634 -0.21116,-0.21116 0.1058,-0.88382 -0.1954,-1.099 -3.81572,-2.72553 -0.9462,-2.44785 -1.53858,-4.22501 -0.1568,-0.47052 -0.46402,-0.65286 -0.46402,-1.22112 0,-0.1612 -0.004,-0.58342 0.1466,-0.6838 0.0904,-0.0602 0.6511,-0.0414 0.61056,-0.24422 -0.107,-0.53508 -1.22454,-0.89676 -0.90362,-1.5386 0.2151,-0.4302 0.12,-0.30644 0.21978,-0.80592 l 0.1466,-0.36634 -4.12734,-3.5412 c -0.39916,0.0296 -2.44226,-0.65946 -1.92944,-1.51416 0.114,-0.19 0.45726,-0.2551 0.53728,-0.41518 0.095,-0.1898 0.1744,-0.69424 0.34192,-0.80592 0.84822,-0.56549 2.01552,-0.27346 2.85738,-0.73267 0.42692,-0.23286 0.76306,-0.65524 1.17226,-0.92804 0.6938,-0.46254 0.85486,-1.83182 1.2211,-2.49104 0.008,-0.46128 0.1594,-1.0283 0.625,-1.18348 0.88302,-0.29434 1.3406,1.13704 2.2277,0.91526 0.91516,-0.2288 -0.0976,-2.23524 0.29356,-2.48674 1.12115,-0.72072 2.53027,-1.1168 3.79919,-1.39878 0.1178,-0.0262 0.59418,-0.0486 0.63896,-0.1382 0.66088,-1.32178 3.05492,-3.45312 4.43812,-4.0064 0.84736,-0.40296 2.30044,-0.1878 2.99704,-0.88436 0.3438,-0.3438 0.49688,-1.97287 1.02572,-2.14915 1.26566,-0.42188 1.98258,-1.50416 3.07719,-2.05144 0.69446,-0.34724 2.38548,-0.37942 3.17486,-0.5373 2.32176,-0.46434 5.70732,-3.41174 7.4243,-5.12862 0.1986,-0.1986 1.08066,0.43782 2.92797,0.1156 1.69202,-0.29506 4.33574,-1.5445 5.03276,-1.8285 3.1875,-0.0896 6.07604,-2.5516 8.7928,-3.36688 z"
       style="opacity:0.998;fill:#ffc614;fill-opacity:0.97254902;stroke:#ffffff;stroke-width:0.264583;stroke-linecap:butt;stroke-linejoin:miter;stroke-miterlimit:4;stroke-dasharray:none;stroke-opacity:1" />
    <path
       style="opacity:0.998;fill:#96cdef;fill-opacity:0.97254902;stroke:#ffffff;stroke-width:0.264583;stroke-linecap:butt;stroke-linejoin:miter;stroke-miterlimit:4;stroke-dasharray:none;stroke-opacity:1"
       d="m 161.39516,197.47611 0.75708,-0.95247 9.06058,-3.56562 -1.07462,-3.5898 c -0.1002,-0.40048 -0.1258,-0.80342 -0.1954,-1.2211 -0.2975,-1.78508 -0.26004,-2.51552 0.2246,-2.71172 0.66456,-0.26898 1.946,0.1498 3.4265,-0.68296 0.29744,-0.1674 0.53698,-0.34612 0.74708,-0.57478 0.179,-0.1946 0.59637,-0.94236 0.33976,-1.13476 -0.21052,-0.1586 -1.85046,-0.0612 -2.16762,-0.0552 -1.27234,0.0246 -1.47444,-0.22008 -3.0481,-0.25908 -4.26678,-0.1058 -6.12188,0.1286 -8.00118,-0.59689 -4.08125,0.40224 -7.42383,2.99311 -11.57023,3.45381 -1.26455,0.1406 -2.37495,-0.0412 -3.62404,0.2711 -0.6419,0.1604 -1.74474,0.546 -2.79213,1.30602 -1.54849,1.12362 -3.30687,2.2923 -3.73801,3.15458 -0.24126,0.48252 -1.05346,1.30254 -1.42342,1.6725 -0.68398,0.68398 -1.25358,0.87184 -0.9597,1.2287 0.72213,0.81266 1.8169,0.60132 2.73929,0.27902 0.50178,-0.1754 0.84079,-0.66724 1.29788,-0.39302 3.04833,1.829 1.92953,6.42891 0.0244,8.57215 -0.47624,0.6682 -0.76668,1.0237 -1.19494,1.52334 -1.06149,1.2384 -2.03385,1.4913 -3.05967,1.561 -0.84638,0.0576 -1.70159,0.117 -2.9154,-0.61122 -0.56203,-0.1486 -1.22196,0.1322 -1.79288,0.018 -0.51278,-0.1026 -0.86243,-0.53394 -1.36764,-0.63498 -2.30967,-0.46194 -5.72168,1.36326 -7.98601,1.92934 -1.15239,0.2881 -3.05509,-0.21824 -4.07849,0.46402 -1.22859,0.81906 -3.30037,2.89928 -4.93325,2.49106 -0.28071,-0.0702 -0.4859,-0.46402 -0.73267,-0.46402 -1.15745,0 -2.07817,0.30858 -3.41908,-0.0488 -1.13395,-0.24366 -2.41347,-0.22982 -3.52762,0.0274 l 0.13816,8.56533 c 0.1615,0.2913 0.72659,0.0486 1.1182,-0.0938 0.45692,-0.1662 0.69934,-0.61332 1.14784,-0.7815 1.65968,-0.62238 3.56453,-0.80796 5.29959,-1.12342 1.12863,-0.2052 2.65009,-0.0366 3.71215,0.31748 1.77941,0.59314 4.18218,-0.3327 5.71477,-1.09898 1.00955,-0.50478 1.56747,-0.6772 2.10029,-1.63628 0.68509,-0.78068 0.73286,-1.76713 1.31912,-2.64653 0.50209,-0.75314 9.12431,-2.09662 10.11963,-1.84778 0.5055,0.1264 1.06466,0.27968 1.57148,0.43172 3.53908,-0.28578 6.90256,-1.40814 10.3096,-2.08954 l 0.37992,-0.3972 -0.88072,-1.93412 6.04885,-2.57778 c 2.67058,-0.0934 4.83119,-2.1735 6.88603,-3.54322 z"
       id="Road-North"
       sodipodi:nodetypes="csscscsscccccsssscscccscssssssccccsscscssccccc" />
    <path
       sodipodi:nodetypes="ccsscscsscccccccssccccssssssscscssssc"
       id="Road-South"
       d="m 106.54841,216.49706 c 0.1615,0.2913 0.72659,0.0486 1.1182,-0.0938 0.45692,-0.1662 0.69934,-0.61332 1.14784,-0.7815 1.65968,-0.62238 3.56453,-0.80796 5.29959,-1.12342 1.12863,-0.2052 2.65009,-0.0366 3.71215,0.31748 1.77941,0.59314 4.18218,-0.3327 5.71477,-1.09898 1.00955,-0.50478 1.56747,-0.6772 2.10029,-1.63628 0.68509,-0.78068 0.73286,-1.76713 1.31912,-2.64653 0.50209,-0.75314 9.12431,-2.09662 10.11963,-1.84778 0.5055,0.1264 1.06466,0.27968 1.57148,0.43172 3.53908,-0.28578 6.90256,-1.40814 10.3096,-2.08954 l 0.37992,-0.3972 -0.88072,-1.93412 6.04885,-2.57778 c 2.67058,-0.0934 4.83119,-2.1735 6.88603,-3.54322 l 0.4396,28.64708 c 0.61402,1.41838 -0.42304,1.478 -1.42433,1.97864 -1.01803,0.50902 0.24419,1.78862 -0.31084,2.15862 -0.40883,0.27256 -1.45676,0.0438 -1.96867,0.19 -0.32869,0.094 -0.43387,0.53842 -0.7253,0.6217 -1.18682,0.33908 -2.2138,-0.6312 -3.02208,0.63894 -0.34206,0.38 -1.0508,0.0846 -1.41605,0.32808 -0.16542,0.1102 -0.0815,0.3208 -0.18996,0.48352 -0.2046,0.3069 -1.17083,0.45728 -1.5024,0.65622 -0.39227,0.23536 -0.19228,0.62226 -0.74257,0.75984 -0.91592,0.22898 -2.38495,-0.72346 -2.84939,-0.25904 -0.25658,0.25658 -0.82348,0.91032 -0.94979,1.2261 -0.30829,0.77072 0.30021,1.6839 -1.21747,1.82188 -1.3814,0.1256 -2.12753,-0.67916 -3.22067,-1.3038 -0.45688,-0.26108 -1.30921,-0.1382 -1.86505,-0.1382 -2.13983,0.2305 -2.51978,1.7937 -3.87228,3.1462 -0.70651,0.70652 -1.20914,-0.73516 -1.56301,-0.80592 -0.74837,-0.1496 -3.09603,0.41146 -3.68773,0.80592 -0.88397,0.58932 -4.36648,2.33835 -5.31931,1.70313 -1.71257,-1.14173 0.85566,-3.65793 1.32002,-4.58665 0.0571,-0.1142 0.0323,-0.6342 -0.30685,-1.20646 -0.48606,-0.82012 -1.36304,-1.82026 -1.40862,-2.50396 -0.0273,-2.00492 -1.48617,-1.95274 -3.02834,-2.39336 -0.94672,-0.2705 -1.82927,-1.1127 -2.71085,-1.46534 -1.84748,-0.73898 -6.7623,-0.0216 -8.59656,0.68382 -2.19853,0.8456 -2.89229,3.5412 -4.61577,3.5412 z"
       style="opacity:0.998;fill:#96cdef;fill-opacity:0.97254902;stroke:#ffffff;stroke-width:0.264583;stroke-linecap:butt;stroke-linejoin:miter;stroke-miterlimit:4;stroke-dasharray:none;stroke-opacity:1" />
    <path
       sodipodi:nodetypes="cccsssscscscscsssscsssccsssssccscssssssssc"
       id="West-End"
       d="m 106.41025,207.93173 0.13816,8.56533 c 0.1615,0.2913 0.0925,15.70721 0.0925,15.70721 -1.27257,1.43672 -3.69461,2.13942 -4.83557,3.56562 -0.31256,0.3907 -0.36039,0.77358 -0.6594,1.17226 -0.29962,0.3995 -1.724216,-0.1808 -2.320092,0.41518 -0.259539,0.25954 -0.1572,1.39964 -0.293065,1.80722 -0.0477,0.143 -2.81791,1.03327 -2.930648,0.97689 -0.60435,-0.30216 -0.08622,-1.09221 -0.439596,-1.48975 -1.458659,-1.64098 -2.948338,-2.03992 -5.030945,-1.83166 -3.421065,-0.63504 -4.608848,3.29007 -6.398581,5.07981 -1.245825,1.24582 -1.898347,1.37296 -2.832958,2.93064 -0.454902,0.62918 -0.327034,3.01546 -0.531444,3.42428 -0.10422,0.20844 -0.767221,0.26026 -0.967065,0.29358 -0.792465,0.132 -1.036141,-0.86024 -1.036141,-1.4506 0,-0.45986 -0.07868,-0.89412 0.03454,-1.34698 0.07758,-0.31028 0.354247,-0.4126 0.535341,-0.63896 0.929732,-1.16216 -1.686785,-1.38152 -2.141358,-1.38152 -0.457948,0 -1.010579,-0.0978 -1.450597,0 -1.865099,0.41446 -2.8578,1.3554 -4.110023,2.60762 -0.340624,0.34062 0.17766,1.20712 0.03454,1.58874 -0.27146,0.7239 -1.925907,1.7374 -2.676696,1.1743 -0.457534,-0.34316 -0.77776,-0.7948 -1.260636,-1.10522 -1.272481,0.24798 -2.094916,-0.26142 -2.866658,-1.2261 -1.300847,-2.32518 -5.710052,-3.72652 -7.766066,-1.6705 -0.676676,0.67668 -0.575134,1.94276 -1.123415,2.49104 -0.330944,0.33094 -0.656838,-0.4845 -1.350983,-0.91134 -0.622718,-0.3829 -1.582253,-0.38228 -2.434437,-0.1388 -2.077824,0.59366 -1.372397,2.68642 -3.907529,2.68642 -1.835485,0 -1.912881,1.35402 -2.686428,1.61186 -0.579808,0.1932 -1.193505,-0.46098 -1.856075,-0.36632 -0.488161,0.0698 -3.404199,0.21442 -2.83296,-0.92804 0.223972,-0.44796 0.640644,-0.4697 0.95246,-0.78152 0.133061,-0.133 0.06624,-0.92568 0.219799,-0.97688 0.259046,-0.0864 0.641638,-0.0816 0.83035,-0.31748 0.404056,-0.50506 0.0675,-1.10832 0.732663,-1.4409 0.83867,-0.41934 1.919175,-0.0618 2.759692,-0.3419 0.553366,-0.1844 2.520813,-2.78946 3.07718,-3.34582 0.2095,-0.20952 0.0052,-0.70382 0.17096,-0.95246 0.2262,-0.33932 0.802588,-0.3448 1.123415,-0.5373 0.59423,-0.35654 0.706336,-0.7871 1.050148,-1.24552 0.463429,-0.61791 0.984443,-0.12461 1.489745,-1.51417 -0.26227,-1.63814 0.340855,-1.7722 1.392053,-2.61316 3.315613,-2.6525 3.768763,0.48546 6.618379,-0.0488 2.507484,-0.47016 1.901267,-1.82458 3.541199,-2.80854 1.368771,-0.82126 3.275012,-1.51662 4.395971,-2.63758 0.555776,-0.91888 1.829923,-1.39094 2.784114,-2.02708 0.558926,-0.37262 1.268172,-1.24374 1.709545,-1.68512 0.483268,-0.48326 -1.029535,-1.20355 0.19538,-1.61185 0.381114,-0.127 0.623964,0.32634 1.050149,0.21978 0.367548,-0.0918 0.944816,-1.23026 1.660701,-1.02572 0.527308,0.1506 1.002877,0.8461 1.636277,0.63498 2.450844,-0.81696 5.605606,-2.76692 7.082397,-4.9821 1.159717,-1.27986 2.41263,-2.96136 3.195658,-4.52742 0.252822,-0.50564 -0.817022,-0.7032 -0.587146,-1.2779 0.0988,-0.247 0.641364,-0.43042 0.794374,-0.62168 0.799207,-0.999 0.884241,-2.13105 2.003206,-2.97027 0.524268,-0.3932 1.453817,-0.30588 2.037741,-0.65622 0.688129,-0.41288 1.315551,-0.87548 2.072282,-1.00162 0.917996,-0.153 2.505499,-0.3209 3.419262,-0.1382 1.457629,0.29152 1.683353,1.62778 3.281111,0.8289 1.21035,-0.60516 4.05539,-3.52908 5.21524,-1.20872 z"
       style="opacity:0.998;fill:#ffc614;fill-opacity:0.97254902;stroke:#ffffff;stroke-width:0.264583;stroke-linecap:butt;stroke-linejoin:miter;stroke-miterlimit:4;stroke-dasharray:none;stroke-opacity:1" />
    <path
       sodipodi:nodetypes="ssssscssscsscccsscccscscccccccscscccccsccscscscccsccsccccccccsscccccccccsscsccccccsssscscccsscscscssscssssccccsssssccsssssssscscscssccsscccccsssscsccssssssccsccscscccccccsccssccccsccsscccsscccsccccccccsscscsccscccscscscsssssscscsccscsscsscsscsscccssccscccssccssssccssss"
       d="m 133.5355,80.699175 c -0.18847,0 -1.02537,0.865384 -0.96811,1.037169 0.0438,0.131211 0.63558,0.401591 0.41486,0.622301 -0.30388,0.303901 -0.90512,-0.0391 -1.12355,0.397801 -0.24039,0.48078 0.1021,1.611912 -0.38022,1.901302 -1.4298,0.857871 -2.9741,1.398462 -4.29791,2.519983 -1.56967,1.046451 -0.0648,1.681282 -0.91664,2.249183 -0.35463,0.23642 -0.64667,-0.18339 -0.9169,-0.18339 -0.31413,0 -0.46572,0.39396 -0.76998,0.31788 -0.21974,-0.055 -0.36229,-0.39375 -0.57445,-0.464521 -0.67286,-0.22429 -2.30357,-0.0759 -2.92141,0.171221 -0.38862,0.15545 -0.7937,0.61484 -1.02682,0.941211 -0.21087,0.29521 -0.61876,0.40021 -0.94458,0.48159 -0.58528,0.731621 -1.62019,0.615711 -2.43747,0.907592 -1.22934,0.43904 -2.12055,1.572711 -3.31636,2.069942 -0.49896,0.14969 -2.28401,-1.276421 -2.12684,-1.747932 0.12306,-0.369151 0.9369,-0.971431 0.61118,-1.405732 -0.22979,-0.30639 -0.85257,0.21704 -1.11244,0.268991 -0.35252,0.0705 -0.72839,-0.254241 -1.05112,-0.146651 -1.39552,0.465161 -2.74778,1.149832 -4.08274,1.650162 -1.57861,0.131551 -2.7789,1.472982 -4.22936,2.016913 -0.11355,0.0426 -0.21266,0.27477 -0.30546,0.35435 -0.49553,0.424751 -1.235103,0.331111 -1.809224,0.12233 -0.21278,-0.0774 -0.26724,-0.32416 -0.43996,-0.42779 -0.407711,-0.24464 -0.831121,-0.875021 -0.990092,-1.320132 -0.54218,-1.518122 -0.46733,-0.1664 -0.941215,-0.0981 -1.250171,0.379791 -0.751831,1.263952 -2.298073,1.760332 -1.359761,0.408061 -2.805473,1.640232 -4.400855,1.685072 -0.34886,0.142151 -1.672072,0.767667 -2.518943,0.915348 -0.924601,0.16128 -1.366082,-0.157341 -1.465482,-0.0579 -0.859371,0.859322 -2.553903,2.334399 -3.715964,2.5668 -0.395091,0.079 -1.241542,0.0952 -1.589122,0.26898 -0.547861,0.27392 -0.906502,0.81568 -1.539982,1.02683 -0.264691,0.0883 -0.341321,0.90364 -0.513411,1.07571 -0.34865,0.34863 -1.076031,0.24086 -1.500142,0.44255 -0.692301,0.27692 -1.890462,1.3437 -2.221253,2.00527 -0.0224,0.0449 -0.26098,0.056 -0.31993,0.0691 -0.635111,0.14113 -1.340422,0.33942 -1.901572,0.70015 -0.195781,0.12588 0.31114,1.13009 -0.146901,1.2446 -0.44401,0.111 -0.67307,-0.60538 -1.115021,-0.45806 -0.23305,0.0777 -0.3087,0.36142 -0.31271,0.5923 -0.1833,0.32994 -0.263921,1.01542 -0.611181,1.24692 -0.2048,0.13655 -0.37293,0.34799 -0.586601,0.46454 -0.42136,0.22983 -1.005771,0.0834 -1.430312,0.36649 -0.0838,0.0559 -0.12342,0.30851 -0.17096,0.4035 -0.0401,0.0801 -0.21194,0.1126 -0.26899,0.20769 -0.25669,0.42779 0.765991,0.77265 0.965771,0.75784 l 2.065553,1.77249 -0.0732,0.18338 c -0.05,0.25 -0.003,0.18817 -0.110191,0.40349 -0.16062,0.32124 0.398811,0.50217 0.452371,0.76998 0.0203,0.10152 -0.26022,0.0922 -0.30546,0.12234 -0.0754,0.0503 -0.0734,0.26151 -0.0734,0.34219 0,0.28441 0.15379,0.37568 0.23227,0.61117 0.29649,0.88949 -1.139822,0.75054 0.769981,2.11469 0.15075,0.1077 -0.008,0.44419 0.0978,0.54989 -0.481681,1.36675 -1.395402,2.33152 -2.646463,3.16557 -1.021092,0.68073 -2.335883,1.5708 -3.076334,2.41703 -2.042705,0.20133 -3.71576,1.49795 -5.791075,1.72853 -0.632921,0.0704 -1.1887,-0.0205 -1.813883,0.13579 -0.321275,0.0803 -0.873232,0.2732 -1.397461,0.6536 -0.775035,0.56239 -1.654992,1.14745 -1.870785,1.57903 -0.12075,0.2415 -0.527396,0.65182 -0.712568,0.83698 -0.342337,0.34234 -0.627394,0.43644 -0.480304,0.61506 0.361434,0.40674 0.909416,0.30098 1.371081,0.13966 0.251145,-0.0878 0.420682,-0.33407 0.649457,-0.19682 1.525721,0.91543 0.965953,3.21769 0.01241,4.2904 -0.238364,0.33445 -0.3839,0.51241 -0.598247,0.7625 -0.531287,0.61983 -1.018008,0.74648 -1.53144,0.78136 -0.423622,0.0289 -0.851496,0.0585 -1.45902,-0.30598 -0.281302,-0.0744 -0.61175,0.0663 -0.897502,0.009 -0.256651,-0.0513 -0.431513,-0.2673 -0.684375,-0.31787 -1.156013,-0.23121 -2.86379,0.68245 -3.997108,0.96579 -0.576785,0.14419 -1.529011,-0.10922 -2.041231,0.23225 -0.614922,0.40995 -1.652018,1.45099 -2.46929,1.24667 -0.140498,-0.0351 -0.243249,-0.23226 -0.366759,-0.23226 -0.579317,0 -1.040062,0.15456 -1.7112,-0.0243 -0.567553,-0.12196 -1.207871,-0.11503 -1.765514,0.0137 -0.580518,-1.16136 -2.00446,0.30209 -2.610252,0.60498 -0.799694,0.39984 -0.912841,-0.26896 -1.642398,-0.41488 -0.457349,-0.0915 -1.251735,-0.008 -1.711201,0.069 -0.378751,0.0631 -0.692753,0.29461 -1.037168,0.50126 -0.292261,0.17535 -0.757699,0.13168 -1.020099,0.32848 -0.560053,0.42003 -0.6025,0.98668 -1.00251,1.48669 -0.07659,0.0957 -0.348087,0.18753 -0.397538,0.31115 -0.115054,0.28765 0.420361,0.38656 0.293821,0.63963 -0.391912,0.78383 -1.019016,1.62541 -1.599464,2.26599 -0.739149,1.10874 -2.318065,2.08472 -3.544736,2.49362 -0.317024,0.10567 -0.555207,-0.2425 -0.819133,-0.31788 -0.358307,-0.10237 -0.647066,0.46746 -0.831028,0.51341 -0.21331,0.0533 -0.335074,-0.17349 -0.525825,-0.10992 -0.613083,0.20436 0.144111,0.56484 -0.09777,0.80672 -0.220912,0.22091 -0.575852,0.65693 -0.855601,0.84344 -0.477581,0.31839 -1.115151,0.55475 -1.393322,1.01467 -0.561052,0.56105 -1.515215,0.90907 -2.200299,1.32011 -0.820802,0.49248 -0.517478,1.17016 -1.772498,1.40548 -1.426261,0.26741 -1.652978,-1.30302 -3.312475,0.0246 -0.526135,0.42092 -0.828059,0.48807 -0.696791,1.30798 -0.252909,0.69549 -0.513725,0.44856 -0.745675,0.75783 -0.17208,0.22944 -0.22815,0.44488 -0.525567,0.62334 -0.160577,0.0964 -0.449081,0.0992 -0.562296,0.26899 -0.08296,0.12444 0.01925,0.37182 -0.08561,0.47667 -0.278467,0.27847 -1.2630111,1.58218 -1.5399755,1.67448 -0.4206875,0.14019 -0.9616632,-0.0387 -1.3814267,0.17123 -0.3329196,0.16645 -0.1645254,0.46831 -0.3667586,0.72109 -0.09445,0.11807 -0.2857304,0.11583 -0.4153855,0.15907 -0.07686,0.0256 -0.04359,0.42227 -0.1101832,0.48884 -0.1560672,0.15607 -0.3645834,0.16687 -0.4766836,0.39108 -0.2859103,0.57181 1.1735645,0.49946 1.417895,0.46452 0.3316234,-0.0474 0.6388558,0.28007 0.9290561,0.18338 0.3871675,-0.12905 0.4260205,-0.80671 1.3446977,-0.80671 1.2688573,0 0.9156483,-1.04757 1.9556193,-1.3447 0.426526,-0.12186 0.906802,-0.12207 1.218479,0.0696 0.347426,0.21364 0.510459,0.62189 0.676099,0.45626 0.274422,-0.27442 0.223614,-0.90825 0.562296,-1.24694 1.029056,-1.02905 3.236098,-0.32757 3.887185,0.83621 0.386264,0.48283 0.797818,0.73761 1.434708,0.6135 0.241683,0.15537 0.401835,0.38149 0.630836,0.55324 0.375777,0.28184 1.203915,-0.22532 1.339783,-0.58764 0.07163,-0.191 -0.187814,-0.62485 -0.01732,-0.79533 0.626749,-0.62675 1.123763,-1.09769 2.057266,-1.30513 0.220234,-0.049 0.49681,0 0.726017,0 0.227518,0 1.536908,0.10995 1.071569,0.69162 -0.09063,0.11329 -0.229126,0.16439 -0.267957,0.31968 -0.05667,0.22666 -0.01706,0.44413 -0.01706,0.6743 0,0.29547 0.121949,0.79207 0.518583,0.72601 0.100023,-0.0167 0.431764,-0.0426 0.483927,-0.14691 0.102309,-0.20462 0.03821,-1.39913 0.265885,-1.71404 0.467784,-0.77964 0.794608,-0.84324 1.418155,-1.46678 0.89578,-0.89578 1.490273,-2.86033 3.20255,-2.54248 1.042364,-0.10424 1.787842,0.0956 2.517916,0.9169 0.176866,0.19896 -0.08238,0.59418 0.220107,0.74541 0.05642,0.0282 1.442904,-0.41726 1.466778,-0.48884 0.068,-0.204 0.01675,-0.77458 0.146653,-0.90448 0.298242,-0.29829 1.011355,-0.008 1.161319,-0.20795 0.149656,-0.19954 0.173593,-0.39106 0.330031,-0.58661 0.571062,-0.71384 1.783212,-1.06557 2.420147,-1.78466 0.862619,0 1.209834,-1.34927 2.310223,-1.77249 0.918063,-0.35307 3.377886,-0.71206 4.302569,-0.3422 0.441239,0.1765 0.883011,0.59814 1.356854,0.73353 0.771873,0.22053 1.502,0.19429 1.515663,1.19778 0.02281,0.34219 0.46179,0.84292 0.705068,1.2534 0.169748,0.28641 0.182216,0.54652 0.153635,0.60367 -0.232416,0.46485 -1.517739,1.7243 -0.660581,2.29575 0.476902,0.31793 2.219805,-0.55754 2.662238,-0.8525 0.296155,-0.19742 1.471131,-0.47811 1.845696,-0.40323 0.177116,0.0354 0.428787,0.75685 0.782403,0.40323 0.67694,-0.67694 0.867026,-1.45927 1.938031,-1.57464 0.278204,0 0.70478,-0.0617 0.933451,0.0691 0.54713,0.31265 0.920735,0.71544 1.61214,0.65257 0.759615,-0.069 0.455066,-0.52598 0.609368,-0.91174 0.06322,-0.15805 0.346972,-0.48534 0.475391,-0.61376 0.232455,-0.23245 0.967744,0.24444 1.426172,0.12984 0.275426,-0.0688 0.175337,-0.26267 0.371674,-0.38047 0.165955,-0.0996 0.649478,-0.17487 0.751883,-0.32848 0.05428,-0.0815 0.01214,-0.18667 0.09492,-0.24184 0.182809,-0.12186 0.537742,0.0259 0.708946,-0.16423 0.404552,-0.63572 0.918545,-0.15024 1.512559,-0.31994 0.145866,-0.0417 0.19837,-0.2641 0.362882,-0.31115 0.256215,-0.0731 0.78081,0.0415 0.985434,-0.0949 0.277797,-0.18519 -0.354079,-0.82585 0.155456,-1.08061 0.501148,-0.25058 1.020398,-0.28019 0.713078,-0.9901 0.626741,0.67393 0.634311,-1.21146 0.739211,-1.42126 0.10209,-0.20417 0.39421,-0.47394 0.458061,-0.66549 0.0605,-0.18133 0.0435,-0.41546 0.14692,-0.57058 0.0494,-0.0741 0.44948,-0.19002 0.55323,-0.21597 0.222391,-0.0531 0.421381,-0.14556 0.604971,-0.26795 0.313871,-0.006 0.26344,-0.25817 0.419011,-0.45264 0.679111,-0.84889 0.22888,-0.38869 0.51341,-1.10002 0.0397,-0.0993 0.200071,-0.10427 0.219851,-0.18338 0.20223,-0.80889 -0.460911,-2.39838 1.087871,-1.95587 1.173141,0.33517 -0.829201,2.30193 0.44021,2.09037 0.122151,-0.0203 1.634572,-1.18047 1.735763,-1.33228 0.22946,-0.34419 0.18499,-0.72323 0.50101,-1.03924 0.0491,-0.0491 0.893891,1.01316 1.760332,0.9169 1.072782,-0.11921 1.464792,-2.03851 2.481193,-1.14916 0.695141,0.0646 1.467182,-0.0426 2.103563,-0.25477 0.16161,-0.0539 0.22374,-0.37419 0.3458,-0.41487 0.201451,-0.0671 0.430871,-0.0242 0.552991,-0.20743 0.309901,-0.46485 0.924921,-0.28529 1.348312,-0.70869 0.44748,-0.44747 0.16454,-1.29092 0.743361,-1.6768 0.14823,-0.0988 0.918371,-0.009 0.968101,-0.20743 0.21572,-0.8629 -0.0504,-1.54439 1.054501,-1.72853 0.866911,-0.14449 1.155802,0.67464 2.005273,0.43193 0.686901,-0.19625 1.359291,-0.0977 2.074342,-0.27649 0.364011,-0.091 0.631221,-0.47114 1.019842,-0.53592 0.26648,-0.0703 0.16673,-0.30792 0.44952,-0.25915 0.21564,0.0719 0.337231,0.20129 0.527381,0.12958 0.14839,-0.056 0.19245,-0.10639 0.25322,-0.14717 0.15719,-0.10552 0.0815,-0.19592 -0.3484,-0.51833 l 0.0347,-2.16098 c 0.0963,0.0972 0.19544,0.13337 0.32408,0.0867 0.17125,-0.0622 0.17885,-0.21352 0.28088,-0.31555 0.210331,-0.21032 0.582611,-0.3249 0.838271,-0.47099 0.120441,-0.0689 0.310821,-0.0681 0.445131,-0.0823 0.23974,-0.0252 0.485431,-0.11094 0.730421,-0.0864 0.29467,0.0295 0.560441,0.21183 0.868791,0.21183 0.391,0.19677 0.565371,-0.34822 0.841371,-0.44021 0.20553,-0.0686 0.448361,-0.0364 0.647651,-0.11613 0.50411,-0.20165 0.996675,-0.47998 1.491346,-0.72732 0.17599,-0.10219 0.35633,-0.21563 0.50126,-0.36055 0.292291,-0.29228 0.500711,-0.65378 0.965531,-0.76998 0.537753,-0.13445 1.142833,0.0794 1.668513,-0.18338 0.86018,-0.43009 0.31092,-0.90835 1.72361,-1.00251 0.6305,0.13338 1.47511,-0.90005 1.83354,-0.97174 0.34579,-0.0692 0.13028,0.22072 0.4278,0.30572 0.13014,0.0371 0.81533,0.0235 0.90448,-0.11018 0.0416,-0.0624 0.0333,-0.11425 0.10992,-0.15261 0.0647,-0.0323 0.32447,0.003 0.33625,-0.0797 0.0499,-0.34926 -0.41696,-0.69366 -0.33625,-0.79455 0.21879,-0.27348 0.38855,-0.34889 0.31168,-0.73326 0.006,-0.0725 0.0262,-0.16149 -0.005,-0.22942 -0.0512,-0.11262 -0.0712,-0.21653 -0.16864,-0.28969 -0.23919,-0.17938 -0.41477,0.0582 -0.73016,-0.41486 -0.0274,-0.0411 -0.0881,-0.10642 -0.0649,-0.16424 0.10289,-0.25724 0.46659,0.0907 0.46659,-0.43633 0,-0.0677 0.0206,-0.17157 0,-0.23356 -0.0823,-0.24688 -0.42438,-0.2799 -0.15544,-0.54884 0.23081,-0.23082 0.80235,0.17709 0.93784,-0.31969 0.0348,-0.97892 1.42584,-0.61705 1.7288,-1.37444 0.1503,-0.37574 0.35534,-0.69337 0.53591,-1.05451 0.20605,-0.41207 -0.36815,-0.97767 -0.12105,-1.34832 0.15138,-0.22705 0.35921,-0.20546 0.60523,-0.32848 0.98051,-0.49024 0.7353,0.48871 1.2446,0.74335 0.40627,0.20313 0.97743,0.3967 1.29633,0.79533 0.10504,0.1313 0.11478,0.46462 0.27676,0.5186 0.28309,0.0944 1.46115,-0.0319 1.78051,-0.13838 0.24712,-0.0824 1.13002,-0.12753 1.31367,-0.31116 0.49995,-0.49995 1.19449,-1.66414 1.93621,-1.84957 0.48655,-0.12163 1.31073,0.0975 1.84751,0.10837 0.28258,0.0513 0.57382,-0.20855 0.82509,-0.34813 1.24594,-0.69221 1.16025,-0.81813 0.36649,-1.87648 -0.12778,-0.17036 -0.36276,-0.27858 -0.36676,-0.48289 0.49176,-0.562 0.58631,-0.7943 1.49135,-0.7943 0.1701,0 0.5099,-0.0696 0.67221,0 0.18291,0.0783 0.75787,0.66003 0.97795,0.43996 0.59873,-0.59867 0.22554,-1.43159 -0.0611,-2.00476 -0.15085,-0.30169 0.58099,-0.81234 0.39108,-1.00225 -0.16867,-0.16867 -0.46377,-0.19077 -0.34453,-0.50489 0.0774,-0.1849 -0.0789,-0.5241 0.009,-0.74334 0.0909,-0.22727 0.42031,-0.33856 0.29409,-0.71722 -0.0559,-0.16782 -0.45499,-0.74421 -0.40634,-0.89026 0.27495,-0.82482 0.85469,-0.35087 1.43471,-0.56178 0.37284,-0.13558 0.44502,-0.6086 0.80387,-0.75214 0.13133,-0.0525 0.61312,0.0372 0.65696,-0.13812 0.0539,-0.21589 -0.13709,-0.46278 -0.0693,-0.70015 0.0506,-0.17686 0.188,-0.40683 0.36004,-0.48031 0.27888,-0.50199 0.67153,-1.74362 0.0122,-2.13925 -0.12642,-0.0759 -0.78209,-0.46456 -0.90448,-0.34219 -0.10201,0.10202 -0.83521,0.87294 -0.96578,0.79456 -0.56324,-0.33796 -0.89589,-0.96809 -1.54412,-1.2384 -0.72151,-0.85266 -0.52072,-1.730637 -0.0952,-2.688089 0.0617,-0.13891 0.17828,-0.42537 0.31115,-0.50126 0.32239,-0.18421 1.55474,-0.264311 1.65094,-0.552981 0.18423,-0.552687 0.15132,-1.225847 0.53281,-1.717658 0.45725,-1.371742 3.03782,-1.677362 4.28446,-2.175983 0.15662,-0.0626 0.30058,-0.31921 0.39728,-0.643511 0.11308,-0.37923 0.37415,-0.70296 0.48263,-0.847591 0.23878,-0.33518 0.0316,-0.44619 0.11096,-0.994231 0.42545,-0.21273 1.39987,-0.742181 1.6424,-1.227271 0.25742,-0.514811 0.14401,-0.973731 0.58765,-1.417382 0.66855,-0.668561 1.70735,0.34965 2.47187,-0.414861 0.51939,-0.51939 -0.71757,-0.799861 -0.82974,-0.968111 -0.16662,-0.24996 -0.25831,-0.704631 -0.32848,-0.985441 -0.25944,-1.037821 0.36725,-1.356532 0.69162,-2.005282 0.13386,-0.267651 -0.0678,-0.607631 0.10371,-0.950772 0.19414,-0.3883 1.36264,-0.849841 0.67404,-1.538431 -0.41254,-0.412522 -0.97655,0.461058 -1.279,0.259422 -0.12474,-0.08317 -0.56646,-0.587902 -0.67429,-0.587902 z"
       style="opacity:0.998;fill:#bababa;fill-opacity:1;stroke:#ffffff;stroke-width:0.132426;stroke-linecap:butt;stroke-linejoin:miter;stroke-miterlimit:4;stroke-dasharray:none;stroke-opacity:1"
       id="At-Large" />
    
  </g>
</svg>
