<?xml version="1.0" encoding="UTF-8" standalone="no"?>
<svg
   xmlns:dc="http://purl.org/dc/elements/1.1/"
   xmlns:cc="http://creativecommons.org/ns#"
   xmlns:rdf="http://www.w3.org/1999/02/22-rdf-syntax-ns#"
   xmlns:svg="http://www.w3.org/2000/svg"
   xmlns="http://www.w3.org/2000/svg"
   xmlns:sodipodi="http://sodipodi.sourceforge.net/DTD/sodipodi-0.dtd"
   xmlns:inkscape="http://www.inkscape.org/namespaces/inkscape"
   sodipodi:docname="Map_of_the_2021_Gambian_presidential_election.svg"
   inkscape:version="1.0 (4035a4fb49, 2020-05-01)"
   id="svg1193"
   version="1.1"
   viewBox="0 0 305.39078 122.3265"
   height="122.32651mm"
   width="305.39078mm">
  <defs
     id="defs1187">
    
  </defs>
  <sodipodi:namedview
     inkscape:window-maximized="1"
     inkscape:window-y="-8"
     inkscape:window-x="-8"
     inkscape:window-height="705"
     inkscape:window-width="1366"
     fit-margin-bottom="0"
     fit-margin-right="0"
     fit-margin-left="0"
     fit-margin-top="0"
     showgrid="false"
     inkscape:document-rotation="0"
     inkscape:current-layer="layer1"
     inkscape:document-units="mm"
     inkscape:cy="231.1682"
     inkscape:cx="418.23419"
     inkscape:zoom="0.64198481"
     inkscape:pageshadow="2"
     inkscape:pageopacity="0.0"
     borderopacity="1.0"
     bordercolor="#666666"
     pagecolor="#ffffff"
     id="base" />
  <metadata
     id="metadata1190">
    <rdf:RDF>
      <cc:Work
         rdf:about="">
        <dc:format>image/svg+xml</dc:format>
        <dc:type
           rdf:resource="http://purl.org/dc/dcmitype/StillImage" />
        <dc:title></dc:title>
      </cc:Work>
    </rdf:RDF>
  </metadata>
  <g
     transform="translate(55.628063,-38.903828)"
     id="layer1"
     inkscape:groupmode="layer"
     inkscape:label="Layer 1">
    <path
       id="Lower-River"
       inkscape:label="path5170"
       d="m 112.00784,71.109687 -1.52653,-0.712102 -0.32918,0.468706 0.28216,0.611849 -0.9865,0.895035 h -0.56483 l 0.047,-1.036113 -0.5178,0.376721 -0.56534,-0.329694 -0.9865,0.800468 -0.37672,1.080553 -0.75345,0.37724 -0.6568,0.611849 -0.28267,-0.5178 0.32969,-0.282152 -0.047,-0.565341 -0.61237,-0.188618 -0.5178,0.942062 -1.03353,0.329694 -0.70641,0.188103 -0.23565,0.845426 -1.36219,0.683162 c 0.14411,0.08552 0.29653,0.170895 0.40463,0.25735 0.13,0.103965 0.20713,0.210079 0.27233,0.316775 l 0.0398,-0.0181 c 0.0115,0.03269 0.0139,0.06093 0.0243,0.09302 l 0.23203,-0.105421 c 0.14803,0.419894 0.20156,0.787763 0.18914,1.155483 -0.0124,0.367737 -0.0908,0.735354 -0.20722,1.154454 -0.0818,0.293952 -0.22601,0.681363 -0.4129,1.042313 -0.18689,0.36095 -0.4164,0.695441 -0.66921,0.882634 -0.25691,0.1905 -1.634041,0.69179 -1.952335,0.74259 -0.562504,0.08943 -1.43851,0.120518 -2.007629,0.08268 -0.01876,-0.0013 -0.03883,-0.009 -0.05788,-0.01138 -0.05616,-0.0024 -0.130339,0.01066 -0.181901,0.0072 -0.178001,-0.01159 -0.370023,-0.08397 -0.548288,-0.109554 -0.381053,-0.05432 -0.772671,-0.03522 -1.151351,-0.08268 -0.345191,-0.04312 -1.115599,-0.18928 -1.87017,-0.361217 -0.75457,-0.17194 -1.493306,-0.369652 -1.775603,-0.515215 -0.364834,-0.188418 -0.776269,-0.465275 -1.164786,-0.772563 -0.388516,-0.307287 -0.754118,-0.645006 -1.027845,-0.954463 -0.308271,-0.348617 -0.568076,-0.706667 -0.931725,-1.01441 -0.197866,-0.167409 -0.408966,-0.295386 -0.626319,-0.402042 -0.21735,-0.106656 -0.440968,-0.192169 -0.664041,-0.273886 -0.446148,-0.16343 -0.889957,-0.312616 -1.276408,-0.591177 -0.228904,0.01818 -0.425312,0.07027 -0.607716,0.137975 -0.182401,0.06771 -0.351041,0.150974 -0.523999,0.23151 -0.172958,0.08054 -0.350301,0.158311 -0.550871,0.214974 -0.20057,0.05667 -0.424121,0.09228 -0.689364,0.08837 -0.183819,0.01267 -0.385961,0.008 -0.618566,-0.02585 -0.232606,-0.03388 -0.495679,-0.09702 -0.802019,-0.202055 C 81.177362,76.5627 80.408038,76.134853 80.161211,75.970303 79.912537,75.804695 79.72123,75.515215 79.475983,75.339851 79.217617,75.15522 78.916892,74.985786 78.598516,74.87373 78.28014,74.761673 77.944114,74.706995 77.616147,74.751257 c -0.04697,0.01627 -0.379836,0.212764 -0.431498,0.242879 -0.24851,0.144331 -0.444013,0.296707 -0.607714,0.457338 -0.163703,0.160628 -0.295555,0.329255 -0.416512,0.505912 -0.241917,0.353312 -0.440457,0.738659 -0.763778,1.154451 -0.281252,0.36195 -0.644716,0.68625 -0.962216,1.017509 -0.542528,0.566208 -0.941146,1.018053 -1.413867,1.353404 -0.23636,0.167677 -0.490961,0.306359 -0.791683,0.415481 -0.300723,0.109119 -0.647489,0.188738 -1.067118,0.238744 -0.05197,0.0061 -0.09558,-0.0053 -0.146243,-0.0021 -0.0037,5.29e-4 -0.0057,0.0016 -0.0093,0.0021 -0.262081,0.03124 -0.507085,0.02556 -0.737939,-0.0088 -0.230857,-0.03435 -0.447514,-0.09726 -0.652158,-0.179835 -0.409287,-0.165156 -0.771351,-0.40962 -1.105874,-0.663525 -0.334526,-0.253907 -0.641681,-0.517115 -0.941546,-0.720886 -0.149932,-0.101889 -0.297696,-0.188868 -0.446485,-0.252182 -0.148788,-0.06331 -0.298479,-0.103209 -0.451135,-0.110588 -0.2236,0.01175 -0.423268,0.06207 -0.607714,0.138493 -0.184449,0.07643 -0.353486,0.17897 -0.515731,0.295074 -0.324493,0.232209 -0.621723,0.518755 -0.959115,0.759643 -0.345149,0.246591 -0.734962,0.446005 -1.150834,0.612883 -0.415872,0.166875 -0.857882,0.30103 -1.306896,0.417028 -0.89803,0.231992 -1.824688,0.391248 -2.629815,0.592728 -0.440002,0.110067 -0.888273,0.263811 -1.339454,0.402561 -0.45118,0.138747 -0.905271,0.262504 -1.355989,0.312642 -0.266007,0.02953 -0.553921,0.02199 -0.847492,5.29e-4 -0.536655,-0.03186 -1.095986,-0.119782 -1.592152,-0.15503 -0.232756,-0.01281 -0.452215,-0.0141 -0.640786,0.01654 -0.362479,0.059 -0.73071,0.198998 -1.102775,0.312642 -0.372065,0.113644 -0.747967,0.200935 -1.124998,0.15503 -0.0069,-7.94e-4 -0.01474,-0.0072 -0.0217,-0.0083 -0.02278,-0.0019 -0.04543,0.0047 -0.06821,0.0021 -0.192022,-0.02342 -0.389393,-0.104458 -0.595313,-0.212389 -0.20592,-0.107935 -0.420542,-0.242618 -0.646472,-0.374656 -0.22593,-0.132035 -0.463153,-0.261345 -0.715201,-0.357084 -0.25205,-0.09574 -0.518773,-0.158054 -0.803052,-0.157096 -0.162655,0.0076 -0.330653,0.03425 -0.505397,0.08992 -0.524272,0.379148 -0.855128,0.818841 -1.240234,1.177706 -0.192551,0.179432 -0.3986,0.338624 -0.649055,0.45992 -0.250454,0.121295 -0.545555,0.204763 -0.915707,0.232545 -0.275063,0.02058 -0.565002,-0.02849 -0.853694,-0.08992 -0.282845,-0.05794 -0.563882,-0.124706 -0.83044,-0.160197 -0.381526,-0.04494 -0.822491,-0.07161 -1.203544,-0.0801 -0.494639,-0.01072 -0.997334,0.06318 -1.499651,0.150895 -0.502316,0.08771 -1.004255,0.189248 -1.498099,0.234095 -0.616215,0.05609 -1.291926,-0.01389 -1.897558,0.08268 -0.254529,0.04048 -0.499263,0.155448 -0.743624,0.2682 -0.244362,0.112752 -0.488352,0.223292 -0.741559,0.254248 -0.301095,0.03665 -0.567094,-0.04034 -0.834572,-0.118856 -0.267481,-0.07852 -0.536443,-0.158572 -0.84336,-0.128675 -0.275563,0.02686 -0.483362,0.159875 -0.686781,0.298691 -0.203417,0.138814 -0.402455,0.283427 -0.660424,0.33383 -0.207698,0.04048 -0.450609,-0.0067 -0.660424,0.02739 -0.356393,0.05794 -0.713777,0.281266 -1.072287,0.330214 -0.318823,0.04339 -3.16951,-0.184547 -3.602879,-0.248047 -0.698767,-0.102394 -1.317599,-0.448768 -2.007632,-0.549839 -0.37756,-0.0553 -0.761968,-0.07224 -1.145148,-0.101285 -0.38318,-0.02904 -0.76513,-0.07018 -1.137399,-0.173633 -0.552275,-0.153344 -0.986547,-0.403283 -1.449522,-0.589626 -0.23149,-0.09318 -0.470075,-0.170487 -0.734325,-0.211876 -0.264247,-0.04139 -0.554072,-0.04681 -0.887799,0.0036 -0.259014,0.434149 -1.205912,2.369465 -1.338937,2.514057 -0.0046,0.0049 -0.01037,0.007 -0.01497,0.01188 -2.65e-4,2.65e-4 -0.0024,0.0044 -0.0026,0.0047 -0.152466,0.165629 -0.321191,0.292809 -0.499711,0.396875 -0.178517,0.104066 -0.3668,0.185002 -0.558623,0.258381 -0.38364,0.146759 -0.781169,0.263038 -1.141531,0.472324 -0.155591,0.09043 -0.287835,0.201747 -0.412896,0.32091 -0.129775,0.126109 -0.250338,0.262716 -0.375687,0.399458 -0.165343,0.180374 -0.383844,0.358155 -0.530198,0.548288 -0.195014,0.25342 -0.423897,0.792252 -0.606166,1.347721 -0.182269,0.555469 -0.317915,1.127572 -0.325562,1.447975 -0.0053,0.218874 0.03213,0.438962 0.02739,0.657838 -0.0046,0.207272 -0.02724,0.399188 -0.03049,0.590664 -0.0033,0.191474 0.01288,0.382514 0.08527,0.588592 0.06434,0.183081 0.175806,0.344485 0.311092,0.496613 0.135287,0.152127 0.294487,0.295097 0.453718,0.441317 0.159232,0.146216 0.318577,0.295608 0.454753,0.460951 0.136178,0.165347 0.249103,0.346525 0.315227,0.556041 0.07951,0.251574 0.167696,0.490529 0.226343,0.734322 0.05864,0.24379 0.08775,0.492413 0.04806,0.764294 -0.03824,0.261199 -0.178517,0.622281 -0.27337,0.980818 -0.04742,0.179268 -0.08359,0.357817 -0.08992,0.522965 -0.0063,0.16515 0.01728,0.31696 0.08888,0.442351 l 0.328663,0.301789 c 0.221181,0.111615 0.456755,0.124752 0.696598,0.07493 0.239842,-0.04982 0.484184,-0.162462 0.721918,-0.301792 0.475469,-0.278659 0.925719,-0.664551 1.26814,-0.869714 0.269504,-0.161914 0.601906,-0.246004 0.876951,-0.411345 0.171802,-0.102976 0.305093,-0.200552 0.452167,-0.2682 0.147074,-0.06765 0.307933,-0.105376 0.53485,-0.08837 0,0 0.06732,-0.1641 0.201023,-0.36122 0.06685,-0.09856 0.150365,-0.205131 0.250113,-0.303855 0.09975,-0.09873 0.216008,-0.189653 0.3483,-0.255799 0.264583,-0.132292 0.611849,-0.248047 0.950846,-0.314193 0.338998,-0.06615 0.669727,-0.08268 0.901237,-0.01654 0.231511,0.06615 0.661459,0.248047 0.93431,0.446484 0.136425,0.09922 0.233577,0.20257 0.247013,0.297656 0.0067,0.04754 -0.0074,0.09302 -0.04806,0.134877 -0.0407,0.04186 -0.108003,0.0801 -0.207222,0.11317 -0.198437,0.06615 -0.380338,0.136425 -0.533302,0.212908 -0.152961,0.07648 -0.276984,0.159162 -0.359667,0.250113 -0.08268,0.09095 -0.124023,0.190169 -0.111622,0.299723 0.01241,0.109553 0.07855,0.229444 0.210841,0.361735 0.529167,0.529167 2.116667,1.984375 2.116667,1.984375 0,0 0.181901,0.08268 0.438216,0.148828 0.128156,0.03307 0.274918,0.06201 0.426847,0.07441 0.151929,0.01241 0.309025,0.0083 0.457853,-0.02479 0.148828,-0.03307 0.293521,-0.08268 0.417545,-0.143661 0.124023,-0.06098 0.227377,-0.133326 0.293523,-0.211873 0.06615,-0.07855 0.09508,-0.163298 0.07028,-0.249081 -0.02479,-0.08578 -0.103352,-0.172599 -0.25218,-0.255281 -0.148828,-0.08268 -0.28112,-0.181901 -0.392742,-0.291454 -0.11162,-0.109556 -0.20257,-0.229444 -0.268716,-0.353468 -0.06615,-0.124023 -0.107487,-0.252182 -0.119891,-0.378272 -0.01241,-0.12609 0.0041,-0.250113 0.05374,-0.365868 0.04961,-0.115756 0.173633,-0.231511 0.331764,-0.327629 0.158128,-0.09612 0.350363,-0.1726 0.5364,-0.209806 0.186034,-0.03721 0.365868,-0.03514 0.499195,0.02585 0.06666,0.03049 0.121827,0.07558 0.160197,0.137975 0.03837,0.0624 0.05994,0.14211 0.05994,0.241329 0,0.198437 0.03721,0.376203 0.09922,0.525031 0.06201,0.148828 0.148828,0.268719 0.248046,0.351401 0.09922,0.08268 0.210839,0.128156 0.322461,0.128156 0.11162,0 0.223243,-0.04547 0.322461,-0.144693 0.198438,-0.198437 0.463021,-0.429947 0.744141,-0.60358 0.14056,-0.08682 0.285253,-0.159163 0.427881,-0.205671 0.142627,-0.04651 0.283187,-0.06718 0.415478,-0.05064 0.132292,0.01654 0.326594,-0.0083 0.546738,-0.06408 0.220141,-0.05581 0.466119,-0.142626 0.701765,-0.250113 0.235643,-0.107487 0.460954,-0.235646 0.639754,-0.374137 0.178801,-0.138493 0.311092,-0.287321 0.360702,-0.43615 0.04961,-0.148828 0.161229,-0.305924 0.300757,-0.446484 0.139525,-0.14056 0.306956,-0.264583 0.468188,-0.347266 0.161229,-0.08268 0.316259,-0.124023 0.430982,-0.09922 0.05736,0.01241 0.104516,0.04134 0.137459,0.08992 0.03294,0.04858 0.05168,0.116789 0.05168,0.20774 0,0.181901 0.04134,0.314193 0.107487,0.404109 0.06615,0.08992 0.157096,0.137459 0.256315,0.149862 0.09922,0.01241 0.206706,-0.01035 0.305925,-0.06098 0.09922,-0.05064 0.190169,-0.129191 0.256315,-0.22841 0.06615,-0.09922 0.169497,-0.206705 0.29559,-0.306959 0.126089,-0.10025 0.274918,-0.19327 0.432014,-0.263549 0.157096,-0.07028 0.322461,-0.117821 0.481624,-0.127124 0.159162,-0.0093 0.312126,0.01963 0.444418,0.10232 0.264583,0.165364 0.46302,0.413411 0.65319,0.570508 0.09508,0.07855 0.188103,0.134358 0.286287,0.145727 0.09818,0.01138 0.201538,-0.0217 0.317293,-0.120923 0.115756,-0.09922 0.231511,-0.144695 0.343131,-0.150894 0.111622,-0.0062 0.219109,0.02687 0.318328,0.08475 0.198437,0.115756 0.363802,0.33073 0.463021,0.529167 0.09922,0.198438 0.214973,0.429948 0.355533,0.65319 0.14056,0.223242 0.305925,0.438216 0.504362,0.603581 0.09922,0.08268 0.219107,0.157096 0.350367,0.214974 0.131257,0.05788 0.273883,0.09922 0.418579,0.115755 0.144692,0.01654 0.291454,0.0083 0.430982,-0.03307 0.139525,-0.04134 0.271817,-0.115755 0.387572,-0.23151 0.115756,-0.115755 0.248047,-0.190169 0.379304,-0.225309 0.13126,-0.03514 0.261483,-0.03101 0.373105,0.01035 0.11162,0.04134 0.20464,0.119888 0.261483,0.233577 0.05684,0.113689 0.07751,0.262517 0.04444,0.444418 -0.03307,0.181901 -0.0083,0.330729 0.05478,0.448551 0.06305,0.117822 0.16433,0.204639 0.284221,0.262517 0.119888,0.05788 0.258382,0.08681 0.395841,0.08888 0.137458,0.0021 0.273886,-0.02273 0.389641,-0.07235 0.23151,-0.09922 0.380338,-0.23151 0.562239,-0.338997 0.09095,-0.05375 0.19017,-0.101285 0.312127,-0.135393 0.121954,-0.03411 0.266649,-0.05478 0.44855,-0.05478 0.363803,0 0.628386,-0.04961 0.802019,-0.157097 0.08682,-0.05374 0.150894,-0.121957 0.19327,-0.205671 0.04237,-0.08372 0.06304,-0.182935 0.06304,-0.298691 0,-0.115755 0.05374,-0.23151 0.134358,-0.325561 0.08062,-0.09405 0.188103,-0.1664 0.29559,-0.195337 0.107487,-0.02894 0.214974,-0.01447 0.29559,0.06511 0.08061,0.07958 0.134358,0.224277 0.134358,0.455787 0,0.231511 0.04547,0.384472 0.117821,0.475422 0.07235,0.09095 0.171567,0.119891 0.279054,0.103354 0.107487,-0.01654 0.223242,-0.07855 0.328662,-0.1695 0.105418,-0.09095 0.200504,-0.210838 0.26665,-0.34313 0.06615,-0.132291 0.119888,-0.1695 0.163298,-0.144695 0.04341,0.02479 0.07648,0.111622 0.101285,0.227377 0.04961,0.231511 0.06615,0.578777 0.06615,0.777214 0,0.198438 0.06615,0.413411 0.173633,0.553971 0.05374,0.07028 0.117822,0.121957 0.189135,0.143661 0.07131,0.0217 0.149862,0.01344 0.232545,-0.03617 0.165364,-0.09922 0.363802,-0.148828 0.553971,-0.132291 0.09508,0.0083 0.188103,0.03307 0.273886,0.07648 0.08578,0.04341 0.16433,0.105421 0.230476,0.188103 0.06615,0.08268 0.14056,0.128156 0.218075,0.143661 0.07752,0.0155 0.158128,0.0011 0.236678,-0.03617 0.157096,-0.07441 0.305924,-0.239779 0.405143,-0.438216 0.09922,-0.198438 0.23151,-0.363802 0.363802,-0.446485 0.06615,-0.04134 0.132292,-0.06201 0.194302,-0.05581 0.06201,0.0062 0.119891,0.03927 0.1695,0.105421 0.04961,0.06615 0.144788,0.115943 0.259416,0.153479 0.114628,0.03754 0.24869,0.06312 0.376722,0.0801 0.256063,0.03395 0.487307,0.03462 0.487307,0.03462 l 0.190169,-7.753014 3.858681,0.284221 3.269567,-0.698151 0.63872,-0.0093 3.459737,-1.196311 1.608171,-0.0036 2.056204,0.529682 2.21692,0.892969 2.035019,0.551389 1.49655,-0.06511 1.379759,-0.473871 0.172083,-0.260967 3.220992,-2.441194 1.503783,-1.013891 0.962732,-0.402561 0.904338,0.07286 2.92282,0.94878 0.79375,0.05323 1.177189,0.651123 1.613856,0.386541 0.791681,-0.09767 0.70745,0.183967 1.065567,0.566375 1.28106,0.886767 0.611333,0.42323 0.947745,0.07286 1.913062,-0.199988 5.352124,-1.455209 1.41904,-0.839226 0.47542,-0.610299 1.0449,-0.83354 2.71456,-2.645834 1.05523,-1.631942 0.48834,-1.278474 0.20257,-1.209744 -0.11523,-1.852083 0.29714,-0.758611 0.13849,-1.080037 0.76016,-2.252059 0.62373,-1.043348 z"
       style="fill:#8f99a3;fill-opacity:1;stroke:#ffffff;stroke-width:0.079375;stroke-miterlimit:4;stroke-dasharray:none;stroke-opacity:1" />
    <path
       id="North-Bank"
       d="m 101.28239,76.26286 c -0.0652,-0.106696 -0.14233,-0.21281 -0.27233,-0.316775 -0.16068,-0.128506 -0.3657,-0.255434 -0.60152,-0.382408 -0.471624,-0.253947 -1.06714,-0.507738 -1.681029,-0.773078 -0.613891,-0.26534 -1.245989,-0.542242 -1.791105,-0.842327 -0.27256,-0.15004 -0.523176,-0.305597 -0.738973,-0.468704 -0.215797,-0.163105 -0.396512,-0.333539 -0.529167,-0.512631 -0.310554,-0.419298 -0.588629,-0.832117 -0.826306,-1.247468 -0.237678,-0.415351 -0.435079,-0.83326 -0.585494,-1.263488 -0.150416,-0.430231 -0.253543,-0.872419 -0.302308,-1.336355 -0.04877,-0.463934 -0.0435,-0.949592 0.02376,-1.466059 0.06244,-0.478631 0.153619,-0.953685 0.224792,-1.427821 0.08573,-0.571765 0.05359,-1.159648 0.137462,-1.731677 0.03043,-0.208227 0.07484,-0.463039 0.133839,-0.748792 l -0.172082,-0.07441 -1.928564,-0.09354 -0.423746,-1.224214 -0.800468,0.329179 -2.726965,-0.04703 -1.719275,0.340548 -1.757516,-0.155546 -0.0047,0.05064 h -5.29e-4 l 0.0047,-0.05064 -0.04599,-0.0041 -0.556554,2.185911 -0.14056,2.265495 -0.865063,-0.01498 -1.825212,-0.03204 -0.548804,0.137978 -1.676384,-0.0615 -1.563211,0.109556 -3.043743,-0.10594 -3.433898,0.02687 -12.116575,0.09612 -7.790219,0.06459 -4.323768,-0.138493 -1.962155,-0.06253 -7.031096,0.02791 -1.567863,-0.147277 -0.636653,0.161748 -0.889868,0.0021 -2.174028,0.0052 -1.918745,-0.05426 -0.0011,-0.0863 -3.747577,0.03152 -3.944977,0.03307 -0.421163,-0.121954 -11.920204,0.02169 -4.9433668,0.01035 -1.7161748,0.159681 -0.3338301,-0.166399 -5.0751422,-0.0047 -4.1837239,-0.0031 -0.5984134,-0.140042 -0.8573108,0.123505 -6.451285,-0.0052 -3.927409,-0.08475 -0.0057,0.05219 c 0.01857,0.03489 0.03681,0.06003 0.0553,0.09509 0.566081,1.073369 1.079952,2.211181 1.186489,2.578653 0.08913,0.307874 0.193559,0.874905 0.264584,1.441257 0.07102,0.566351 0.108646,1.132025 0.06408,1.436605 -0.04826,0.329893 -0.10152,0.752472 -0.192236,1.069184 -0.08808,0.308007 -0.293967,0.57055 -0.438216,0.850077 -0.244454,0.47335 -0.554241,1.394238 -0.630451,1.918748 0.155717,0.100735 0.246909,0.220564 0.325559,0.347781 0.07865,0.127217 0.144766,0.261821 0.250116,0.392224 0.26898,0.33306 0.7396,0.589473 1.041278,0.904338 0.316973,0.330687 0.587618,0.737973 0.904856,1.069186 0.311698,0.324885 0.729581,0.579179 1.041279,0.904854 0.212283,0.221515 0.366257,0.475583 0.603064,0.685229 0.116822,0.103634 0.277157,0.189989 0.383956,0.301273 0.205428,0.214392 0.339243,0.543726 0.493511,0.7953 0.269439,0.439597 0.453314,0.862939 0.563272,1.277959 0.109961,0.41502 0.146235,0.821695 0.120922,1.227315 -0.02532,0.405619 -0.112188,0.810236 -0.248563,1.221631 -0.136374,0.411395 -0.322476,0.829593 -0.545703,1.261938 -0.133961,0.259223 -0.216249,0.615908 -0.383439,0.850077 -0.244981,0.342818 -0.666655,0.694537 -0.959631,1.01441 l 0.247013,0.246497 c 0.702775,-0.0269 2.045639,-0.179928 2.658753,-0.136943 0.167716,0.01161 0.353181,0.125592 0.520898,0.136943 0.2178209,0.01503 0.4647618,-0.05478 0.6857471,-0.05478 0.5332095,0 1.2130749,0.04957 1.7265094,0.192236 0.4817216,0.133765 0.9469967,0.317598 1.4050804,0.52193 0.4580863,0.204335 0.9088437,0.428921 1.3621914,0.644406 0.4533476,0.215484 0.909148,0.421894 1.3766614,0.589111 0.4675108,0.167216 0.9468776,0.295486 1.447456,0.355017 0.3941736,0.04694 0.7625609,0.01535 1.1167269,-0.06046 0.35416596,-0.07581 0.69387508,-0.195929 1.03197818,-0.326078 0.33810574,-0.130146 0.6746187,-0.270478 1.02061172,-0.386538 0.3459903,-0.116062 0.7016961,-0.207774 1.0795185,-0.241329 0.2975266,-0.02643 0.5990193,0.0024 0.8971041,0.05839 0.2980849,0.05611 0.5930027,0.139851 0.8769483,0.222726 0.2839455,0.08287 0.5567362,0.164724 0.8118369,0.218591 0.2551033,0.05387 0.4922758,0.07949 0.703834,0.04857 0.2383049,-0.03484 0.5854514,-0.178562 0.895551,-0.367935 0.1535324,-0.09909 0.2961693,-0.210238 0.4087601,-0.328147 0.112612,-0.117906 0.1951937,-0.24257 0.2284121,-0.368453 C 6.9971084,89.504216 6.8385886,89.336449 6.6669269,89.179969 6.4952679,89.023489 6.310467,88.878296 6.1460285,88.719017 l 0.082682,-0.495062 c 0.017595,-0.0011 0.039264,-0.0088 0.057362,-0.01035 l 0.0031,-0.01654 c 0.321123,-0.01941 0.7246999,-0.132802 1.0118204,-0.30385 C 7.1641478,87.53329 6.9539945,87.296196 6.7800945,87.037455 6.6931445,86.908084 6.6150739,86.773586 6.5599532,86.615257 6.5048299,86.456941 6.4726513,86.274897 6.4767523,86.051469 l 0.38499,-0.275436 c 0.01061,0.0013 0.022384,-0.0016 0.033073,-5.29e-4 l 0.024289,-0.0181 c 0.3705278,0.04241 0.7820131,0.02846 1.1539352,-0.02635 0.041103,-0.222308 0.05058,-0.519856 0.093017,-0.799952 0.021219,-0.140047 0.051028,-0.275624 0.096634,-0.395325 0.045609,-0.1197 0.1072356,-0.223567 0.1932702,-0.299722 0.00503,0.01326 0.014393,0.02601 0.019632,0.03927 0.013626,-0.01497 0.018521,-0.03937 0.033591,-0.05271 0.1481984,0.392261 0.3942424,0.770705 0.5591386,1.163235 0.082447,0.196266 0.1449097,0.396127 0.1643301,0.603065 0.01942,0.206936 -0.0041,0.420762 -0.092501,0.645438 -0.079902,0.203055 -0.2300843,0.38613 -0.3880908,0.567407 -0.1580065,0.181277 -0.3238394,0.360754 -0.4345966,0.556556 0.083198,0.115766 0.1379378,0.301636 0.1684628,0.492477 0.030525,0.190839 0.036835,0.386652 0.023257,0.52193 0.2415434,0.1118 0.5022876,0.104392 0.758608,0.09095 0.1120034,-0.0058 0.6918801,-0.06285 0.7725622,-0.09043 0.176416,-0.07335 0.371917,-0.215336 0.575159,-0.394809 0.203242,-0.179474 0.414057,-0.396427 0.622186,-0.620635 0.416235,-0.448413 0.820423,-0.92491 1.124479,-1.183905 0.330727,-0.281784 0.883505,-0.516771 1.154967,-0.825275 0.175551,-0.199496 0.257189,-0.512749 0.350367,-0.842841 0.09318,-0.330091 0.197892,-0.677026 0.419613,-0.944644 0.01056,-0.0048 0.02246,-0.0082 0.03307,-0.01291 0.366919,-0.166291 0.763707,-0.295116 1.148765,-0.446484 5.3e-4,-2.65e-4 0.0011,-7.94e-4 0.0016,-0.0011 0.39484,-0.156778 0.776041,-0.338918 1.099158,-0.612364 0.183621,-0.155443 0.305629,-0.360511 0.437701,-0.55139 0.132069,-0.190875 0.274198,-0.367564 0.497644,-0.466121 0.0051,-0.0021 0.01685,-0.0038 0.02222,-0.0062 0.247401,-0.105714 0.764998,-0.253634 1.022675,-0.296624 0.0013,-2.64e-4 0.0028,-2.38e-4 0.0041,-5.29e-4 0.0039,-5.29e-4 0.01122,-0.0036 0.01497,-0.0041 0.397193,-0.06617 0.874149,-0.0066 1.269172,-0.149346 0.13199,-0.04967 0.254892,-0.121926 0.361736,-0.230992 0.02336,-0.235813 0.144176,-0.451183 0.325046,-0.639755 0.180866,-0.188573 0.421999,-0.350133 0.685228,-0.479557 0.263229,-0.129423 0.548643,-0.226375 0.819071,-0.284739 0.27043,-0.05836 0.52565,-0.07835 0.728122,-0.05374 7.94e-4,0 0.0021,0.0011 0.0026,0.0011 7.94e-4,8.5e-5 0.0019,-8.7e-5 0.0026,0 0.167124,0.02043 0.403207,0.14378 0.673859,0.321426 0.270653,0.177647 0.576022,0.409718 0.880568,0.646473 0.609095,0.473506 1.216195,0.967002 1.543058,1.088305 0.314534,0.116821 0.625425,0.14333 0.933275,0.113689 0.307854,-0.02964 0.612434,-0.115464 0.915192,-0.224277 0.605512,-0.217625 1.20265,-0.526272 1.797306,-0.656807 0.483701,-0.10614 1.025568,-0.158123 1.598869,-0.179316 0.573299,-0.02119 1.177827,-0.01159 1.78697,0.0057 1.218287,0.03457 2.454717,0.0996 3.493844,0.0093 0.588327,-0.05116 1.170572,-0.212431 1.754415,-0.274402 0.226787,-0.02426 0.458443,-0.0026 0.685228,-0.02739 0.56011,-0.06091 1.112142,-0.268009 1.672252,-0.328662 0.420343,-0.04575 0.840591,-0.0271 1.260903,-0.02016 0.420312,0.007 0.840693,0.0024 1.260906,-0.08992 0.764085,-0.167716 1.530168,-0.336571 2.30115,-0.485243 0.770983,-0.148672 1.546866,-0.277162 2.331125,-0.364318 0.02172,-0.0024 0.04192,0.0011 0.06356,-0.0011 0.0047,-5.29e-4 0.0093,-0.0016 0.01394,-0.0021 0.519113,-0.05781 1.020631,-0.05448 1.519804,-0.02119 0.499171,0.03331 0.995998,0.0966 1.50585,0.158647 0.58711,0.0717 1.220623,0.07038 1.814877,0.110072 0.440386,0.02937 0.886582,0.03527 1.334286,0.02532 0.691671,-0.01942 1.387655,-0.0803 2.076357,-0.170532 0.688706,-0.09023 1.370135,-0.209809 2.032434,-0.345715 0.365364,-0.07502 0.68335,-0.197736 0.994257,-0.332795 0.310906,-0.135062 0.614733,-0.282467 0.951878,-0.407728 0.500777,-0.185913 0.972683,-0.312497 1.452626,-0.575676 0.278736,-0.152685 0.502095,-0.393758 0.767911,-0.548288 0.139763,-0.08148 0.327162,-0.108643 0.465606,-0.191719 0.257376,-0.154266 0.464177,-0.396656 0.740521,-0.548286 0.29378,-0.161123 0.647983,-0.246793 0.931727,-0.411345 0.139237,-0.08096 0.244721,-0.220316 0.383956,-0.301273 0.373824,-0.217109 0.919078,-0.373118 1.472779,-0.481624 h 5.29e-4 c 0.131951,-0.02851 0.237839,-0.02193 0.36897,-0.04341 0.315423,-0.04551 0.650242,-0.107259 0.898654,-0.105936 l 5.29e-4,5.29e-4 c 0.04204,-0.0011 0.103577,-0.01725 0.143143,-0.01707 0.20003,0.149622 0.430022,0.234778 0.653192,0.329181 0.223158,0.0944 0.439473,0.198049 0.611849,0.385506 0.09789,0.106363 0.15358,0.273863 0.248047,0.384988 0.260263,0.307615 0.591897,0.609737 0.962732,0.819589 0.185417,0.104926 0.380799,0.186732 0.581877,0.234611 0.201075,0.04788 0.407749,0.06191 0.616497,0.03101 0.237085,-0.05879 0.591913,-0.132194 0.787551,-0.276987 0.170352,-0.126183 0.329099,-0.315169 0.475422,-0.515213 0.146322,-0.200046 0.28022,-0.411149 0.401526,-0.580845 0.250389,-0.350594 0.500637,-0.683932 0.761712,-0.995804 0.261072,-0.311873 0.53309,-0.60248 0.826823,-0.866614 0.29373,-0.264133 0.609203,-0.502137 0.957564,-0.709517 0.348358,-0.207381 0.729488,-0.38394 1.154451,-0.52555 0.191072,-0.06374 0.460637,-0.12437 0.723469,-0.134874 0.147947,-0.01892 0.296778,-0.02802 0.434083,-0.01394 0.137306,0.01405 0.263086,0.0512 0.364318,0.124542 l 0.05478,-0.02791 c 0.556683,0.270404 0.993584,0.639016 1.48518,0.990118 0.51144,0.36539 1.171535,0.58782 1.677419,0.962734 0.12356,0.09155 0.206385,0.238149 0.33021,0.329695 0.167561,0.124156 0.397844,0.235635 0.640789,0.313677 0.242946,0.07804 0.498552,0.122642 0.71727,0.113686 0.355473,-0.05958 0.760905,-0.211489 1.191657,-0.364834 0.430755,-0.153344 0.886835,-0.308126 1.344104,-0.374137 0.01807,0.0037 0.03665,0.02021 0.05478,0.02479 0.05071,-0.0095 0.09865,-0.03556 0.149344,-0.04289 0.197056,0.04015 0.398148,0.137721 0.598413,0.2682 0.200269,0.13048 0.399611,0.293902 0.593762,0.466122 0.388306,0.34444 0.755142,0.723741 1.062985,0.94361 0.127265,0.09102 0.312238,0.128344 0.439767,0.219625 0.12065,0.08599 0.210621,0.241332 0.330213,0.329695 0.616215,0.456674 1.446191,0.726205 2.062406,1.182875 0.12356,0.09181 0.206653,0.238655 0.330213,0.330214 0.372798,0.276222 0.829196,0.488407 1.301213,0.669724 0.472017,0.181324 0.959652,0.331784 1.39423,0.485243 0.466196,0.164571 0.976513,0.421113 1.45779,0.522449 0.237123,0.04994 0.487495,0.06721 0.740008,0.07338 0.413266,-0.0098 0.834917,-0.06659 1.241785,-0.156578 0.406868,-0.08999 0.798957,-0.213214 1.153417,-0.355017 0.154794,-0.06171 0.346628,-0.09103 0.493511,-0.164331 0.209778,-0.104957 0.653389,-0.502861 1.062464,-0.929142 0.40908,-0.426284 0.78363,-0.880944 0.85628,-1.099159 0.0174,-0.05222 0.0945,-0.930214 0.10955,-1.069186 z"
       style="fill:#515f67;fill-opacity:1;stroke:#ffffff;stroke-width:0.079375;stroke-miterlimit:4;stroke-dasharray:none;stroke-opacity:1" />
    <path
       id="West-Coast"
       d="m 53.385575,98.100803 c 0,0 -0.231243,-7.93e-4 -0.487307,-0.03462 -0.128032,-0.01699 -0.262094,-0.04256 -0.376722,-0.0801 -0.114628,-0.03754 -0.209806,-0.08733 -0.259416,-0.15348 -0.04961,-0.06615 -0.107487,-0.09922 -0.1695,-0.10542 -0.06201,-0.0062 -0.128156,0.01447 -0.194302,0.05581 -0.132291,0.08268 -0.264583,0.248047 -0.363802,0.446484 -0.09922,0.198438 -0.248047,0.363802 -0.405143,0.438216 -0.07855,0.03721 -0.159163,0.05168 -0.236678,0.03617 -0.07751,-0.01551 -0.151929,-0.06098 -0.218075,-0.143661 -0.06615,-0.08268 -0.144695,-0.144695 -0.230476,-0.188103 -0.08578,-0.04341 -0.178802,-0.06821 -0.273886,-0.07648 -0.190169,-0.01654 -0.388606,0.03307 -0.553971,0.132292 -0.08268,0.04961 -0.161232,0.05788 -0.232545,0.03617 -0.07131,-0.0217 -0.135393,-0.07338 -0.189135,-0.14366 -0.107487,-0.14056 -0.173632,-0.355534 -0.173632,-0.553972 0,-0.198437 -0.01654,-0.545703 -0.06615,-0.777213 -0.02479,-0.115755 -0.05788,-0.202573 -0.101285,-0.227378 -0.04341,-0.02479 -0.09715,0.01241 -0.163299,0.144695 -0.06614,0.132292 -0.161231,0.25218 -0.266649,0.343131 -0.105421,0.09095 -0.221176,0.152963 -0.328663,0.1695 -0.107487,0.01654 -0.206706,-0.01241 -0.279054,-0.103355 -0.07235,-0.09095 -0.117821,-0.243911 -0.117821,-0.475421 0,-0.231511 -0.05374,-0.376206 -0.134358,-0.455787 -0.08062,-0.07958 -0.188103,-0.09405 -0.29559,-0.06511 -0.107487,0.02894 -0.214974,0.101285 -0.29559,0.195337 -0.08062,0.09405 -0.134358,0.209806 -0.134358,0.325562 0,0.115755 -0.02066,0.214974 -0.06305,0.29869 -0.04238,0.08371 -0.106455,0.151927 -0.19327,0.205672 -0.173633,0.107487 -0.438216,0.157096 -0.802018,0.157096 -0.181901,0 -0.326597,0.02066 -0.448551,0.05478 -0.121957,0.03411 -0.221176,0.08165 -0.312126,0.135392 -0.181901,0.107487 -0.33073,0.239779 -0.56224,0.338998 -0.115755,0.04961 -0.252182,0.07441 -0.389641,0.07235 -0.137459,-0.0021 -0.275953,-0.03101 -0.395841,-0.08888 -0.11989,-0.05788 -0.221175,-0.144695 -0.28422,-0.262517 -0.06305,-0.117821 -0.08785,-0.26665 -0.05478,-0.448551 0.03307,-0.181901 0.01241,-0.330729 -0.04444,-0.444418 -0.05684,-0.113688 -0.149863,-0.192235 -0.261483,-0.233576 -0.111622,-0.04134 -0.241845,-0.04548 -0.373104,-0.01035 -0.131258,0.03514 -0.263549,0.109554 -0.379304,0.225309 -0.115756,0.115755 -0.248047,0.190169 -0.387573,0.23151 -0.139528,0.04134 -0.286289,0.04961 -0.430982,0.03307 -0.144695,-0.01654 -0.287322,-0.05788 -0.418579,-0.115755 -0.13126,-0.05788 -0.251148,-0.132292 -0.350366,-0.214974 -0.198438,-0.165364 -0.363802,-0.380338 -0.504362,-0.603581 -0.14056,-0.223242 -0.256315,-0.454752 -0.355534,-0.65319 -0.09922,-0.198437 -0.264584,-0.413411 -0.463021,-0.529166 -0.09922,-0.05788 -0.206706,-0.09095 -0.318328,-0.08475 -0.11162,0.0062 -0.227375,0.05168 -0.34313,0.150895 -0.115756,0.09922 -0.21911,0.132291 -0.317294,0.120922 -0.09818,-0.01138 -0.191204,-0.06718 -0.286287,-0.145727 -0.190169,-0.157096 -0.388607,-0.405143 -0.65319,-0.570508 -0.132292,-0.08268 -0.285255,-0.111622 -0.444418,-0.10232 -0.159163,0.0093 -0.324527,0.05684 -0.481624,0.127125 -0.157096,0.07028 -0.305924,0.163298 -0.432014,0.263549 -0.126093,0.100253 -0.229444,0.20774 -0.29559,0.306959 -0.06615,0.09922 -0.157096,0.177765 -0.256315,0.228409 -0.09922,0.05064 -0.206706,0.07338 -0.305925,0.06098 -0.09922,-0.01241 -0.190169,-0.05994 -0.256315,-0.149863 -0.06615,-0.08992 -0.107487,-0.222208 -0.107487,-0.404109 0,-0.09095 -0.01873,-0.159163 -0.05167,-0.20774 -0.03294,-0.04857 -0.0801,-0.07752 -0.137459,-0.08992 -0.114724,-0.02479 -0.269754,0.01654 -0.430983,0.09922 -0.161232,0.08268 -0.328663,0.206705 -0.468188,0.347265 -0.139528,0.14056 -0.251148,0.297657 -0.300757,0.446485 -0.04961,0.148828 -0.181901,0.297656 -0.360701,0.436149 -0.1788,0.138491 -0.404112,0.26665 -0.639755,0.374137 -0.235646,0.107487 -0.481624,0.194302 -0.701765,0.250113 -0.220144,0.05581 -0.414446,0.08062 -0.546737,0.06408 -0.132292,-0.01654 -0.272852,0.0041 -0.415478,0.05064 -0.142629,0.04651 -0.287322,0.118853 -0.427882,0.205671 -0.28112,0.173633 -0.545703,0.405143 -0.74414,0.603581 -0.09922,0.09922 -0.210842,0.144692 -0.322461,0.144692 -0.111623,0 -0.223243,-0.04547 -0.322461,-0.128156 -0.09922,-0.08268 -0.186037,-0.202573 -0.248047,-0.351401 -0.06201,-0.148828 -0.09922,-0.326594 -0.09922,-0.525031 0,-0.09922 -0.02156,-0.17893 -0.05994,-0.241329 -0.03837,-0.0624 -0.09353,-0.107487 -0.160197,-0.137975 -0.133326,-0.06098 -0.313161,-0.06305 -0.499195,-0.02585 -0.186036,0.03721 -0.378272,0.113689 -0.5364,0.209807 -0.158131,0.09612 -0.282154,0.211873 -0.331764,0.327628 -0.04961,0.115755 -0.06615,0.239779 -0.05374,0.365868 0.01241,0.12609 0.05374,0.254249 0.119891,0.378273 0.06615,0.124023 0.157096,0.243911 0.268716,0.353467 0.111622,0.109553 0.243914,0.208772 0.392742,0.291454 0.148828,0.08268 0.227375,0.169498 0.25218,0.255281 0.02479,0.08578 -0.0041,0.170532 -0.07028,0.249081 -0.06615,0.07855 -0.1695,0.150895 -0.293523,0.211873 -0.124024,0.06098 -0.268716,0.110588 -0.417544,0.143661 -0.148828,0.03307 -0.305925,0.03721 -0.457854,0.02479 -0.151929,-0.01241 -0.298691,-0.04134 -0.426847,-0.07441 -0.256315,-0.06615 -0.438216,-0.148828 -0.438216,-0.148828 0,0 -1.5875,-1.455209 -2.116667,-1.984375 -0.132291,-0.132292 -0.198437,-0.252183 -0.210841,-0.361736 -0.01241,-0.109553 0.02894,-0.208772 0.111623,-0.299723 0.08268,-0.09095 0.206705,-0.173633 0.359666,-0.250113 0.152964,-0.07648 0.334865,-0.146762 0.533302,-0.212908 0.09922,-0.03307 0.166526,-0.07131 0.207222,-0.11317 0.0407,-0.04186 0.05478,-0.08733 0.04806,-0.134876 -0.01344,-0.09509 -0.110588,-0.198438 -0.247012,-0.297657 -0.272852,-0.198437 -0.7028,-0.380338 -0.93431,-0.446484 -0.231511,-0.06615 -0.56224,-0.04961 -0.901237,0.01654 -0.338998,0.06615 -0.686263,0.181901 -0.950847,0.314193 -0.132291,0.06615 -0.248549,0.157073 -0.3483,0.255799 -0.09975,0.09872 -0.183261,0.205296 -0.250113,0.303856 -0.133705,0.19712 -0.201023,0.361219 -0.201023,0.361219 l 0.02739,0.493509 c -0.0048,0.0044 -0.0082,0.01005 -0.01291,0.01447 l 0.0021,0.03979 c -0.338923,0.311679 -0.594307,0.717735 -0.934826,1.017508 -0.26167,0.230187 -0.557387,0.329168 -0.852659,0.495062 -0.139436,0.07832 -0.269769,0.205597 -0.41238,0.274918 -0.290645,0.140824 -0.610957,0.254399 -0.947745,0.343648 -0.336788,0.08925 -0.690264,0.153972 -1.046964,0.197919 -0.713402,0.08792 -1.44018,0.09174 -2.075842,0.03617 l -0.302823,-0.384987 c -0.05325,-0.244012 -0.05624,-0.471633 -0.02998,-0.690399 0.02627,-0.218765 0.08192,-0.428609 0.146246,-0.636653 0.128656,-0.416089 0.291864,-0.825334 0.324011,-1.285709 0.0182,-0.260813 -0.01,-0.551748 -0.077,-0.850077 -0.06703,-0.298341 -0.17317,-0.604266 -0.311092,-0.894003 -0.137922,-0.28974 -0.307287,-0.563396 -0.501777,-0.798401 -0.194492,-0.235006 -0.413871,-0.431197 -0.650607,-0.565341 -0.04842,-0.02752 -0.57123,-0.163354 -0.650605,-0.182933 -0.314061,-0.07858 -0.645274,-0.141599 -0.972035,-0.119374 -0.219009,0.01503 -0.573688,0.114138 -0.995288,0.262001 -0.4216,0.147859 -0.9103043,0.344561 -1.3978467,0.554487 -0.9750875,0.419851 -1.9452299,0.892947 -2.3641976,1.136364 -0.6773333,0.393303 -1.0081313,0.722365 -1.4133512,0.953431 -0.2026074,0.115533 -0.4238996,0.206227 -0.716235,0.268716 -0.2923355,0.06249 -0.6558518,0.09654 -1.143082,0.09767 -0.2238058,0.160104 -0.4921065,0.323389 -0.7048659,0.503846 -0.1074896,0.101584 -0.185629,0.252309 -0.2961058,0.349332 -0.019103,0.01683 -0.044752,0.02967 -0.064595,0.04599 -0.0027,0.0024 -0.0045,0.0064 -0.00725,0.0088 -0.3303191,0.290716 -0.7719537,0.506438 -1.1151765,0.796332 -0.4067042,0.356357 -0.60674509,0.51294 -1.06039967,0.848527 l -0.004128,-5.3e-4 c -0.029845,0.02215 -0.0431456,0.03657 -0.0754486,0.06046 l -0.46766956,-0.05478 c -0.0713052,-0.267891 -0.0828966,-0.553302 -0.06407943,-0.838708 0.0188119,-0.285406 0.06804289,-0.570805 0.11937206,-0.839224 l -0.44028254,-0.164849 c -0.45439012,0.174591 -0.93196566,0.245562 -1.41180076,0.261482 -0.4798351,0.01593 -0.9619774,-0.02312 -1.4247177,-0.06925 -0.462743,-0.04612 -0.9063699,-0.09906 -1.3094811,-0.110588 -0.4031113,-0.01154 -0.7656619,0.01828 -1.0666016,0.137977 l -0.050128,0.274918 c 0.2379953,0.135414 0.4944136,0.192569 0.7549938,0.235128 0.2605802,0.04256 0.5253355,0.07052 0.7797958,0.148312 0.3264774,0.09994 0.6176063,0.25587 0.9596332,0.329178 0.1674521,0.256059 0.3564308,0.564486 0.4656032,0.850078 0.095594,0.249729 0.1133475,0.534529 0.1498626,0.80977 0.036515,0.275238 0.091789,0.540917 0.2614824,0.752409 0.1216343,0.09039 0.2517537,0.136262 0.3865404,0.159162 0.134784,0.0229 0.2743967,0.0226 0.414446,0.0212 0.1400466,-10e-4 0.2806382,-0.004 0.4180601,0.0134 0.13742461,0.0175 0.27151809,0.0553 0.39842548,0.13487 0.15347685,0.30221 0.20572942,0.67536 0.35656837,0.95964 0.15031244,0.28269 0.3998595,0.4604 0.52089843,0.79478 l -0.13694304,0.38396 c -0.01336145,-0.011 -0.02746375,-0.0269 -0.0408252,-0.0383 l -0.04030663,0.11266 c -0.27344422,-0.22612 -0.5516827,-0.51084 -0.84025845,-0.77721 -0.28857576,-0.26638 -0.58748876,-0.51441 -0.90330336,-0.66818 -0.2636335,0.26623 -0.4655635,0.59939 -0.6495732,0.9462 -0.1840124,0.3468 -0.3501046,0.70724 -0.5410518,1.02784 l -0.047027,-0.008 c -0.01524,0.0267 -0.028339,0.0581 -0.043924,0.0842 l -0.3302132,-0.0548 c 0.089165,-0.28112 0.1825387,-0.66478 0.2516637,-1.0511 0.069128,-0.38631 0.1140063,-0.77528 0.1059365,-1.06712 -0.1727702,-0.27913 -0.337648,-0.56426 -0.4945433,-0.85266 0.091811,-0.342098 0.1484445,-0.718782 0.1648487,-1.072795 -0.067635,-0.197279 -0.1544055,-0.355875 -0.2568337,-0.483174 -0.1024176,-0.127299 -0.2202286,-0.22334 -0.3503639,-0.294555 -0.2602732,-0.142434 -0.569386,-0.186608 -0.898136,-0.188103 -0.3287528,-0.0016 -0.6773228,0.03996 -1.0180267,0.06821 -0.340704,0.02826 -0.6733143,0.04336 -0.9694492,-0.0098 -0.3055938,-0.05477 -0.6666653,-0.222539 -0.9627341,-0.329695 l -0.082682,-0.440282 c 0.068527,-0.109802 0.1198192,-0.275283 0.1421104,-0.443902 0.022304,-0.168617 0.015584,-0.340374 -0.032038,-0.463537 -0.057679,-0.03228 -0.4003437,-0.236154 -0.4397666,-0.247531 -0.2905125,-0.08427 -0.6158495,-0.07722 -0.9430941,-0.05271 -0.3272472,0.0245 -0.6563995,0.06647 -0.954982,0.05271 -0.440928,-0.02064 -0.902348,-0.11217 -1.363224,-0.218075 -0.460875,-0.105902 -0.921205,-0.226176 -1.35909,-0.30489 -0.692679,-0.124354 -1.39124,-0.09324 -2.081009,-0.238228 -0.228073,-0.04815 -0.5065,-0.07189 -0.723987,-0.146762 -0.214942,-0.07369 -0.40921,-0.187028 -0.587563,-0.329178 -0.17835,-0.142148 -0.34064,-0.313034 -0.492474,-0.501262 -0.303668,-0.376454 -0.564666,-0.822552 -0.82269,-1.249018 -0.258025,-0.426466 -0.513199,-0.833271 -0.806151,-1.130681 -0.146476,-0.148704 -0.302525,-0.270084 -0.47284,-0.352949 -0.170315,-0.08287 -0.354915,-0.127315 -0.559138,-0.121957 l -0.164849,-0.522965 c 0.0807,-0.222522 0.221369,-0.443119 0.336931,-0.669729 0.115559,-0.2266 0.20601,-0.459187 0.186034,-0.705382 -0.0056,-0.06773 -0.03386,-0.100555 -0.05529,-0.164848 -0.08136,-0.244343 -0.189685,-0.41714 -0.309541,-0.579808 -0.119867,-0.162671 -0.251272,-0.315212 -0.378272,-0.519867 -0.37518,-0.604573 -0.824249,-1.603613 -1.044382,-2.283063 -0.156104,-0.480748 -0.358386,-1.024149 -0.468188,-1.51257 -0.08136,-0.361818 -0.0926,-0.773843 -0.122473,-1.178224 -0.02742,-0.371157 -0.08786,-0.725667 -0.216009,-1.038696 l -0.02066,-0.02479 -1.076936,2.214853 v 5.29e-4 l -0.975135,0.538986 -5.29e-4,5.29e-4 -1.389063,0.330729 -2.38125,-0.198437 -2.722316,-1.189591 v -5.29e-4 l -2.815331,-3.910872 -9.106937,0.987536 -3.543452,21.260203 6.42183,14.94896 4.510835,-1.24489 0.414446,-0.32039 0.291454,-0.57878 0.27337,-1.81643 -0.505397,-1.09088 0.250631,-0.67283 0.39119,-0.24443 0.396359,0.0145 0.06925,0.14934 0.700733,-0.16381 0.665591,-0.85369 0.65164,-0.42168 0.07752,-0.54054 -0.09767,-0.51573 -0.296622,-0.53382 0.16795,-0.43408 0.453718,-0.41806 1.66243,-0.52659 0.217559,-0.17725 1.513085,0.13333 1.8464,-0.12092 1.276925,0.0103 22.7836226,0.19534 0.75292473,0.22376 1.42626819,-0.24133 11.27424748,0.1049 3.166215,0.03 5.632215,-0.11783 7.574214,0.15193 0.502811,-0.18087 1.390097,0.21395 4.863269,-0.0377 0.590661,-0.20412 1.192692,0.21756 8.538498,0.0305 7.815027,0.0294 0.198438,-8.102345 -0.03669,-1.174608 z"
       inkscape:label="path4990"
       style="fill:#b1b8be;fill-opacity:1;stroke:#ffffff;stroke-width:0.079375;stroke-miterlimit:4;stroke-dasharray:none;stroke-opacity:1" />
    <path
       id="Upper-River"
       d="m 180.66359,73.414972 c -0.19614,0.04961 -0.38054,0.108352 -0.54208,0.183968 -0.16371,0.07663 -0.30434,0.170029 -0.41083,0.285255 -0.31168,0.337344 -0.76674,0.522539 -1.05937,0.860412 l -0.0677,0.08113 c -0.093,0.113374 -0.25693,0.224155 -0.40721,0.335381 -0.15029,0.111223 -0.28706,0.222859 -0.32608,0.338481 0.0354,0.549672 0.0702,0.906574 0.0145,1.256253 -0.0557,0.349681 -0.20179,0.692412 -0.5271,1.212847 l -0.17208,0.278535 -0.10904,0.17105 c -0.0759,0.116152 -0.12462,0.170408 -0.24236,0.241845 l -0.13126,0.07648 c -0.27093,0.153326 -0.47813,0.316733 -0.69763,0.466122 -0.21951,0.149389 -0.45127,0.284535 -0.77101,0.381373 l -0.14315,0.06046 c 0.20982,0.344619 0.37947,0.727252 0.51573,1.115695 0.13626,0.38844 0.23904,0.783026 0.31471,1.152384 0,0 -0.2798,0.132006 -0.5302,0.334346 -0.1252,0.101169 -0.24286,0.219636 -0.31471,0.3483 -0.0718,0.128662 -0.0981,0.267484 -0.0393,0.408242 0.23521,0.563033 0.37896,1.551564 0.47077,1.739948 0.0923,0.188383 0.23381,1.033623 0.4222,1.316198 0.0941,0.141288 0.1172,0.341144 0.0816,0.50591 -0.0178,0.08239 -0.0506,0.155816 -0.0961,0.208775 -0.0455,0.05296 -0.10404,0.08578 -0.17415,0.08578 -0.14036,0 -0.24582,0.02304 -0.33383,0.07596 -0.088,0.05292 -0.15828,0.135474 -0.22893,0.253214 -0.0706,0.117872 -0.24731,0.141258 -0.43563,0.105936 -0.18832,-0.03532 -0.38817,-0.129407 -0.50591,-0.247015 -0.11787,-0.117739 -0.23605,-0.176752 -0.35399,-0.206187 -0.11793,-0.02944 -0.23562,-0.02946 -0.35243,-0.02946 -0.11668,0 -0.24597,0.02413 -0.34571,0.0832 -0.0998,0.05907 -0.17002,0.153295 -0.17002,0.293524 0,0.280723 -0.0475,2.022615 -0.0475,2.022615 0,0 -0.23525,0.610018 -0.32918,0.798401 -0.047,0.09419 -0.17685,0.270884 -0.29456,0.465088 -0.1177,0.194204 -0.22324,0.406188 -0.22324,0.571023 0,0.164704 -0.0944,0.364514 -0.18862,0.522965 -0.0942,0.158454 -0.1881,0.275437 -0.1881,0.275437 l -0.5979,0.922425 0.65785,0.441317 0.42581,0.152445 1.03353,0.370004 1.6123,0.370001 0.28526,-0.06821 1.10484,0.311091 2.79828,0.163299 0.5302,0.145211 1.65364,2.094444 1.41542,1.161172 0.45217,0.37052 1.57665,1.168918 2.19108,1.01131 1.58957,0.39222 1.29811,-0.0351 0.44183,0.12454 3.62562,-0.55604 1.21129,0.0305 1.80248,-0.2341 1.32395,0.28784 1.95388,1.53221 0.52969,0.10283 3.87056,-0.31988 2.46547,0.0186 1.40716,-0.14366 0.30903,0.0832 1.05421,-0.20412 0.72191,-0.45992 0.65061,-0.89039 0.69348,-3.13314 0.56639,-0.58756 1.71151,-0.555522 3.03392,-0.417544 0.79325,0.05736 0.64077,0.230994 1.27643,-0.0553 0.79012,-0.22324 2.15543,-0.257865 1.68929,-0.576194 2.01385,-1.204061 1.53686,-0.467156 1.12188,-0.09612 1.38803,0.07338 1.5167,-0.229445 0.26614,0.19172 1.23145,-0.162263 1.865,-0.684713 2.5182,-1.552877 0.99425,-0.935344 1.2056,-1.606103 0.97308,-1.927016 0.55603,-1.815391 0.35864,-1.64176 -0.12195,-1.270725 -0.58086,-0.879015 -0.88779,-0.63872 -0.41031,-0.609783 -1.17615,-1.747697 -2.62361,-2.499071 -1.76268,-2.269112 -1.35393,-1.000974 -2.48359,-1.508435 -3.34087,-1.305864 -0.0904,-0.279051 -0.79428,-0.03617 -2.00091,0.471289 -1.79935,0.81442 -0.43358,0.150378 -2.37712,0.824241 -1.67431,0.05943 -2.80085,-0.210325 -0.20053,-0.192236 -3.29591,0.937411 -0.46353,-0.01654 -0.8351,0.403593 -0.94052,0.454237 -2.39209,0.929142 -2.89388,1.387512 -0.98289,0.785998 -0.48265,0.17725 -1.63711,1.460894 -1.29191,0.702799 -6.28179,1.746663 -1.78439,0.0186 -1.41387,-0.329694 -1.94355,-0.860415 -1.28932,-0.571024 -0.75603,-0.595312 -3.39359,-1.924947 -1.86655,-1.316199 -0.49196,-0.460436 c -8e-4,1.38e-4 -8e-4,2.65e-4 -0.002,5.3e-4 z"
       style="fill:#111112;fill-opacity:1;stroke:#ffffff;stroke-width:0.079375;stroke-miterlimit:4;stroke-dasharray:none;stroke-opacity:1" />
    <path
       id="Banjul-City"
       style="fill:#6e7b87;fill-opacity:1;stroke:#ffffff;stroke-width:0.079375;stroke-miterlimit:4;stroke-dasharray:none;stroke-opacity:1"
       inkscape:label="Banjul"
       d="m -23.09335,77.657156 0.42478,2.443263 0.900203,0.889349 0.522964,-0.02739 c 0.004,0.0033 0.01286,0.0016 0.01707,0.0047 l 0.133842,-0.0072 c 0.07689,0.0638 0.195511,0.08012 0.325559,0.08372 0.288989,-0.0195 0.617797,-0.08407 0.881084,-0.07441 0.189,-0.01154 0.358383,-0.0016 0.460954,0.08475 l 0.550355,-0.0217 0.3576,-0.274918 c 0.09594,-0.182068 0.154723,-0.346708 0.181385,-0.496613 0.02667,-0.149907 0.02133,-0.285218 -0.01085,-0.408241 -0.03218,-0.123023 -0.09151,-0.233958 -0.172082,-0.335381 -0.08058,-0.101422 -0.18274,-0.193439 -0.301273,-0.278537 -0.237069,-0.170199 -0.539324,-0.31301 -0.865582,-0.449585 -0.326258,-0.136578 -0.676285,-0.266671 -1.008205,-0.411861 -0.420159,-0.183621 -0.890175,-0.265174 -1.329119,-0.39429 -0.323987,-0.09529 -0.716433,-0.301194 -1.068668,-0.325562 z">
    </path>
    <path
       id="Banjul"
       style="fill:#8f99a3;fill-opacity:1;stroke:#ffffff;stroke-width:0.079375;stroke-miterlimit:4;stroke-dasharray:none;stroke-opacity:1"
       inkscape:label="Banjul"
       d="m -28.144207,75.272289 -5.95054,2.505789 1.046965,2.386418 2.815333,3.910872 1.894975,0.827857 0.827339,0.361736 2.38125,0.198438 1.389062,-0.33073 h 5.29e-4 l 0.975135,-0.539504 1.076937,-2.21485 -0.02585,-0.03049 0.01757,-0.03824 c -0.129032,-0.03102 -0.299781,-0.03799 -0.469223,-0.03566 -0.181575,0.01624 -0.363058,0.04578 -0.491958,0.111103 -0.0021,-0.01085 0.0044,-0.01828 0.0026,-0.02894 -0.04997,0.01574 -0.117456,0.01503 -0.159163,0.03617 -0.03433,-0.172045 -0.01355,-0.323151 0.04393,-0.458885 0.05748,-0.135734 0.151591,-0.255974 0.263549,-0.365869 0.223917,-0.219786 0.519539,-0.398489 0.737423,-0.577744 l -0.900202,-0.889349 -0.424781,-2.443263 c -0.315767,0.03109 -0.671936,0.190047 -1.06195,0.351398 -0.390012,0.161351 -0.813861,0.325086 -1.265039,0.364837 -0.292976,0.04597 -0.597461,0.04262 -0.913125,-0.05116 -0.227854,-0.06772 -0.432477,-0.175011 -0.619599,-0.309025 -0.187115,-0.134017 -0.356978,-0.294812 -0.515731,-0.46922 -0.317508,-0.348819 -0.590407,-0.752462 -0.86868,-1.107427 l 0.346231,-1.12603 z">
    </path>
    <path
       id="Central-River-1"
       style="fill:#515f67;fill-opacity:1;stroke:#ffffff;stroke-width:0.079375;stroke-miterlimit:4;stroke-dasharray:none;stroke-opacity:1"
       inkscape:label="path5170"
       d="m 155.63168,64.745185 0.20154,2.220537 -0.85731,0.285771 c 0,-3e-6 -0.0201,0.01008 -0.18346,0.03049 -0.16332,0.02043 -0.46965,0.05115 -1.04128,0.09198 -0.28581,0.02043 -0.46454,0.02553 -0.57619,0.0217 -0.0558,-0.0019 -0.0951,-0.0058 -0.12247,-0.01138 -0.0274,-0.0056 -0.0428,-0.01302 -0.0517,-0.02066 -0.009,-0.0076 -0.0113,-0.01564 -0.0119,-0.02376 -5.3e-4,-0.0081 7.9e-4,-0.01624 -0.002,-0.02326 -0.002,-0.007 -0.008,-0.01326 -0.0217,-0.01757 -0.0139,-0.0043 -0.0361,-0.0067 -0.0718,-0.0067 -0.0357,0 -0.0716,-0.0075 -0.10801,-0.02119 -0.0364,-0.01363 -0.0733,-0.03344 -0.11162,-0.05736 -0.0765,-0.04785 -0.15824,-0.113001 -0.25011,-0.181901 -0.0459,-0.03445 -0.0946,-0.0697 -0.14625,-0.104386 -0.0517,-0.03469 -0.10667,-0.06867 -0.16536,-0.100253 -0.0587,-0.03158 -0.12111,-0.06066 -0.1881,-0.08578 -0.067,-0.02511 -0.13842,-0.04618 -0.21498,-0.06149 -0.15311,-0.03062 -0.30604,-0.05372 -0.46043,-0.07286 -0.1544,-0.01913 -0.30997,-0.0343 -0.46819,-0.04961 -0.15822,-0.01532 -0.31909,-0.03047 -0.48369,-0.04961 -0.1646,-0.01913 -0.3329,-0.04224 -0.50643,-0.07286 -0.0868,-0.01532 -0.19247,-0.02815 -0.31058,-0.03876 -0.1181,-0.01061 -0.24893,-0.01913 -0.38705,-0.02582 -0.27625,-0.01339 -0.58135,-0.01966 -0.86972,-0.02223 -0.57673,-0.0051 -1.08674,0.0052 -1.1684,0.0052 -0.0408,0 -0.15047,0.03067 -0.30231,0.07596 -0.15184,0.0453 -0.34626,0.105122 -0.55552,0.163814 -0.20926,0.0587 -0.43339,0.115872 -0.64647,0.156065 -0.10655,0.02011 -0.21054,0.03598 -0.30799,0.04547 -0.0975,0.0095 -0.18861,0.01286 -0.27027,0.0078 -0.0817,-0.0051 -0.16033,5.29e-4 -0.23513,0.01447 -0.0748,0.01394 -0.14592,0.03632 -0.21291,0.06408 -0.067,0.02775 -0.12937,0.06087 -0.18758,0.09715 -0.0582,0.03629 -0.11223,0.07568 -0.16072,0.115239 -0.097,0.07911 -0.17351,0.159533 -0.22582,0.220141 -0.0523,0.06061 -0.0801,0.101286 -0.0801,0.101286 l -0.3266,1.347721 -1.63349,0.08165 -1.26555,0.244946 -0.61237,0.775663 -0.57206,0.285771 -1.6738,-0.530717 -1.42885,-0.65319 -1.59267,-0.898654 -1.79679,-0.285772 c 0,0 -0.11181,-0.03286 -0.28215,-0.08836 -0.17034,-0.0555 -0.39874,-0.133408 -0.63097,-0.222726 -0.11611,-0.04466 -0.23343,-0.09255 -0.34468,-0.141592 -0.11125,-0.04905 -0.21672,-0.09914 -0.30954,-0.149863 -0.0928,-0.05072 -0.17273,-0.101729 -0.23358,-0.151413 -0.0304,-0.02484 -0.0561,-0.04931 -0.076,-0.07338 -0.0199,-0.02408 -0.0342,-0.04783 -0.0419,-0.0708 -0.008,-0.02296 -0.0184,-0.04484 -0.032,-0.06563 -0.0136,-0.0208 -0.0299,-0.04073 -0.0486,-0.05943 -0.0374,-0.0374 -0.0843,-0.07059 -0.13694,-0.100253 -0.0526,-0.02966 -0.11108,-0.05582 -0.17208,-0.07855 -0.061,-0.02273 -0.12455,-0.04181 -0.18707,-0.0584 -0.12505,-0.03317 -0.24646,-0.05481 -0.33642,-0.06821 -0.09,-0.01339 -0.14831,-0.0186 -0.14831,-0.0186 l 0.0408,-1.592667 -0.69454,-0.285771 -0.73483,0.367419 -1.46968,1.511019 -1.26607,0.08165 -0.89814,1.551326 -1.3472,1.266074 -1.4516,1.522904 2.61225,2.401404 4.52892,3.241146 0.48938,0.332279 2.31872,1.117246 1.00097,0.677476 1.77457,0.904338 1.01906,0.418065 0.59583,0.03566 1.526,0.433046 1.65675,0.303342 2.38177,0.185518 0.97255,0.247013 2.15697,1.546677 1.35134,0.58756 1.14773,0.179835 2.22571,0.03772 0.35036,-0.133842 0.70797,0.22841 0.73484,0.594793 1.05833,1.798342 1.49242,1.275373 2.68459,1.563214 4.25555,2.149221 1.54513,0.283705 1.89446,0.04237 1.99109,-1.014407 1.31775,-0.29559 0.66456,0.315743 1.16323,1.473811 0.92914,0.660943 0.39223,0.30644 0.0196,0.01344 0.5979,-0.922425 c 0,0 0.0939,-0.116983 0.1881,-0.275437 0.0942,-0.158451 0.18862,-0.358261 0.18862,-0.522964 0,-0.164836 0.10553,-0.37682 0.22324,-0.571024 0.11771,-0.194204 0.24759,-0.370898 0.29456,-0.46509 0.0939,-0.188383 0.32918,-0.798401 0.32918,-0.798399 -1e-5,0 0.0475,-1.741895 0.0475,-2.022618 0,-0.140229 0.0703,-0.234452 0.17001,-0.29352 0.0998,-0.05907 0.22904,-0.0832 0.34572,-0.0832 0.11681,0 0.23449,1.9e-5 0.35243,0.02945 0.11794,0.02944 0.23611,0.08845 0.35399,0.20619 0.11774,0.117607 0.31759,0.21169 0.50591,0.247012 0.18831,0.03532 0.36499,0.01193 0.43563,-0.105937 0.0706,-0.117739 0.14092,-0.200297 0.22893,-0.253214 0.088,-0.05292 0.19346,-0.07596 0.33383,-0.07596 0.0701,0 0.12864,-0.03283 0.17414,-0.08578 0.0455,-0.05296 0.0784,-0.126381 0.0961,-0.208773 0.0356,-0.164766 0.0124,-0.364625 -0.0817,-0.505912 -0.18838,-0.282575 -0.32985,-1.127816 -0.42219,-1.316199 -0.0918,-0.188383 -0.23556,-1.176912 -0.47077,-1.739945 -0.0588,-0.140758 -0.0326,-0.279582 0.0393,-0.408244 0.0719,-0.128664 0.18951,-0.247129 0.31471,-0.348297 0.2504,-0.202341 0.5302,-0.334349 0.5302,-0.334349 -0.0757,-0.369358 -0.17845,-0.763942 -0.31471,-1.152382 -0.13626,-0.388443 -0.30592,-0.771075 -0.51573,-1.115698 l 0.14314,-0.06046 c 0.31975,-0.09684 0.55151,-0.231982 0.77102,-0.381371 0.2195,-0.149389 0.42669,-0.312796 0.69763,-0.466122 l 0.13126,-0.07648 c 0.11774,-0.07144 0.16642,-0.125696 0.24236,-0.241848 l 0.10903,-0.171048 0.17209,-0.278537 c 0.3253,-0.520435 0.47137,-0.863163 0.5271,-1.212845 0.0557,-0.349678 0.021,-0.706583 -0.0145,-1.256255 0.039,-0.115623 0.1758,-0.227256 0.32608,-0.338478 0.15029,-0.111226 0.31421,-0.222007 0.40721,-0.335381 l 0.0677,-0.08113 c 0.29263,-0.337873 0.74769,-0.52307 1.05937,-0.860414 0.10649,-0.115226 0.24711,-0.208622 0.41083,-0.285253 0.16154,-0.07561 0.34594,-0.134353 0.54208,-0.183967 -0.0557,0.01074 -0.0921,0.02019 -0.12299,0.02945 0.0256,-0.04534 0.0136,-0.129463 -0.14779,-0.273367 l -0.43925,-0.404109 -1.09296,-1.460894 -1.80351,-4.866368 -0.8723,-1.089855 -1.33842,-1.278478 -1.75751,-1.295011 -1.20716,-0.561205 -1.91875,-0.890902 -1.37097,-0.329179 -1.83142,-0.08681 0.002,0.08578 -1.4981,0.10387 -10e-4,-0.0863 -2.59312,0.698148 -1.73323,0.64544 -1.51153,0.772044 -2.01073,1.403016 -0.81132,0.311608 z" />
    <path
       id="Central-River-2"
       style="fill:#202327;fill-opacity:1;stroke:#ffffff;stroke-width:0.079375;stroke-miterlimit:4;stroke-dasharray:none;stroke-opacity:1"
       inkscape:label="path5170"
       d="m 122.63679,44.83219 -0.79375,0.03204 -1.38234,0.535885 -1.29966,0.684196 -3.27681,1.725476 -2.2288,1.452624 -1.97042,1.018543 -3.21014,1.353405 -1.26659,0.216525 -0.70693,-0.05529 -3.8437,-1.908411 -2.1239,-0.401525 h -1.543574 l -2.060858,0.448551 -0.907436,0.197404 -1.290878,0.707967 -1.16272,0.404627 -3.032889,2.155423 -2.301669,2.361612 -0.796335,1.118277 -1.058333,1.560113 -1.309478,3.705199 -0.09612,0.378272 v 0.0016 l -0.07441,0.291455 0.04599,0.0041 0.02326,-0.241329 -0.02273,0.241329 1.757516,0.155546 1.719275,-0.340548 2.726965,0.04703 0.800468,-0.329179 0.423746,1.224216 1.928567,0.09353 0.172082,0.07441 c -0.059,0.285753 -0.103415,0.540565 -0.133842,0.748792 -0.08387,0.57203 -0.05173,1.159915 -0.137459,1.731677 -0.07117,0.474136 -0.162351,0.94919 -0.224793,1.427821 -0.06727,0.516467 -0.07255,1.002126 -0.02379,1.466059 0.04877,0.463937 0.151892,0.906121 0.302308,1.336352 0.150416,0.430229 0.347816,0.848138 0.585494,1.263489 0.237678,0.415351 0.515752,0.828172 0.826307,1.247471 0.132654,0.179091 0.31337,0.349525 0.529166,0.51263 0.215797,0.163108 0.466413,0.318664 0.738974,0.468704 0.545115,0.300088 1.177213,0.576987 1.791104,0.842328 0.613889,0.26534 1.209406,0.519131 1.681032,0.773078 0.0772,0.04155 0.1268,0.08346 0.19689,0.125058 l 1.36219,-0.683163 0.23565,-0.845428 0.70641,-0.1881 1.03353,-0.329697 0.5178,-0.942063 0.61236,0.188622 0.047,0.565338 -0.3297,0.282154 0.28267,0.517798 0.65681,-0.611849 0.75344,-0.377238 0.37673,-1.080553 0.9865,-0.800468 0.56534,0.329695 0.5178,-0.376722 -0.047,1.036114 h 0.56483 l 0.9865,-0.895038 -0.28215,-0.611849 0.32917,-0.468704 1.52653,0.712102 0.2775,-0.282154 0.5519,-0.428398 0.001,-0.0011 0.82372,-0.850593 0.28681,0.0181 2.2071,-1.34462 2.78277,-1.158071 0.96997,0.0088 1.02474,1.901692 0.19792,0.366903 1.00976,1.279507 0.0253,0.237196 1.45159,-1.522905 1.34721,-1.266073 0.89814,-1.551326 1.26607,-0.08165 1.46967,-1.51102 0.73484,-0.367419 0.69453,0.285772 -0.0408,1.592667 c 0,0 0.0584,0.0052 0.14831,0.0186 0.09,0.01339 0.21137,0.03504 0.33642,0.06821 0.0625,0.01659 0.12606,0.03567 0.18706,0.0584 0.061,0.02273 0.11945,0.04888 0.17209,0.07855 0.0526,0.02967 0.0995,0.06285 0.13694,0.100254 0.0187,0.01871 0.035,0.03864 0.0486,0.05943 0.0136,0.0208 0.0244,0.04266 0.032,0.06563 0.008,0.02297 0.022,0.04672 0.0419,0.0708 0.0199,0.02408 0.0455,0.04854 0.076,0.07338 0.0608,0.04968 0.14075,0.100695 0.23357,0.151413 0.0928,0.05072 0.1983,0.100817 0.30954,0.149862 0.11125,0.04904 0.22858,0.09693 0.34469,0.141592 0.23222,0.08932 0.46062,0.167222 0.63097,0.222726 0.17034,0.0555 0.28215,0.08837 0.28215,0.08837 l 1.79679,0.285771 1.59267,0.898655 1.42885,0.65319 1.6738,0.530717 0.57206,-0.285771 0.61236,-0.775663 1.26556,-0.244946 1.63349,-0.08165 0.3266,-1.347721 c 0,0 0.0278,-0.04068 0.0801,-0.101285 0.0523,-0.06061 0.12886,-0.141031 0.22583,-0.220141 0.0485,-0.03956 0.1025,-0.07895 0.16072,-0.11524 0.0582,-0.03629 0.12059,-0.0694 0.18758,-0.09715 0.067,-0.02775 0.1381,-0.05012 0.21291,-0.06408 0.0748,-0.01397 0.15346,-0.01958 0.23512,-0.01447 0.0817,0.0051 0.17282,0.0019 0.27027,-0.0078 0.0975,-0.0095 0.20145,-0.02537 0.30799,-0.04547 0.21309,-0.04019 0.43722,-0.09737 0.64648,-0.156064 0.20925,-0.05869 0.40368,-0.118518 0.55552,-0.163814 0.15184,-0.0453 0.26148,-0.07596 0.30231,-0.07596 0.0817,0 0.59167,-0.01027 1.1684,-0.0052 0.28837,0.0026 0.59347,0.0088 0.86971,0.02223 0.13813,0.0067 0.26895,0.01524 0.38706,0.02582 0.11811,0.01061 0.22381,0.02344 0.31058,0.03876 0.17353,0.03062 0.34183,0.05372 0.50642,0.07286 0.1646,0.01913 0.32548,0.0343 0.4837,0.04961 0.15821,0.01532 0.31379,0.03047 0.46818,0.04961 0.15439,0.01913 0.30733,0.04224 0.46044,0.07286 0.0766,0.01532 0.14799,0.03637 0.21497,0.06149 0.067,0.02511 0.12941,0.0542 0.18811,0.08578 0.0587,0.03158 0.11369,0.06556 0.16536,0.100253 0.0517,0.03469 0.10031,0.06994 0.14625,0.104386 0.0919,0.0689 0.17355,0.134051 0.25011,0.181901 0.0383,0.02392 0.0753,0.04372 0.11162,0.05736 0.0364,0.01363 0.0723,0.02119 0.108,0.02119 0.0357,0 0.0579,0.0024 0.0718,0.0067 0.014,0.0043 0.0195,0.01056 0.0217,0.01757 0.002,0.007 0.001,0.01513 0.002,0.02326 5.3e-4,0.0081 0.003,0.01611 0.0119,0.02376 0.009,0.0076 0.0243,0.01508 0.0517,0.02066 0.0274,0.0056 0.0667,0.0094 0.12248,0.01138 0.11165,0.0038 0.29037,-0.0013 0.57619,-0.0217 0.57163,-0.04083 0.87796,-0.07157 1.04128,-0.09199 0.16332,-0.02043 0.18345,-0.03049 0.18345,-0.03049 l 0.85731,-0.285772 -0.20153,-2.220536 -1.86242,-0.840259 -1.95441,-1.118796 -1.44694,-1.059883 -1.27537,-1.450557 -0.16123,-0.515213 -0.18707,-2.49804 -0.69453,-2.534729 -0.86093,-1.714106 -0.71675,-0.83199 -2.16214,-1.740979 -2.13424,-1.157036 -2.86184,-1.302762 -1.66088,-0.496611 -1.05833,0.05633 -2.27583,-0.294555 -2.46497,0.419612 -0.77256,-0.01137 -1.77406,-0.605648 -1.32911,-0.453719 -0.46354,-0.03721 -2.86391,-1.299146 z" />

  </g>
</svg>
