<?xml version="1.0" encoding="UTF-8" standalone="no"?>
<svg
   baseprofile="tiny"
   fill="#7c7c7c"
   height="588"
   stroke="#ffffff"
   stroke-linecap="round"
   stroke-linejoin="round"
   stroke-width="2"
   version="1.2"
   viewbox="0 0 1000 739"
   width="999.99969"
   id="svg23"
   sodipodi:docname="2025洪都拉斯大选议会选举结果.svg"
   inkscape:version="1.0.1 (3bc2e813f5, 2020-09-07)"
   xmlns:inkscape="http://www.inkscape.org/namespaces/inkscape"
   xmlns:sodipodi="http://sodipodi.sourceforge.net/DTD/sodipodi-0.dtd"
   xmlns="http://www.w3.org/2000/svg"
   xmlns:svg="http://www.w3.org/2000/svg"
   xmlns:rdf="http://www.w3.org/1999/02/22-rdf-syntax-ns#"
   xmlns:cc="http://creativecommons.org/ns#"
   xmlns:dc="http://purl.org/dc/elements/1.1/">
  <metadata
     id="metadata29">
    <rdf:RDF>
      <cc:Work
         rdf:about="">
        <dc:format>image/svg+xml</dc:format>
        <dc:type
           rdf:resource="http://purl.org/dc/dcmitype/StillImage" />
        <dc:title />
      </cc:Work>
    </rdf:RDF>
  </metadata>
  <defs
     id="defs27" />
  <sodipodi:namedview
     pagecolor="#ffffff"
     bordercolor="#666666"
     borderopacity="1"
     objecttolerance="10"
     gridtolerance="10"
     guidetolerance="10"
     inkscape:pageopacity="0"
     inkscape:pageshadow="2"
     inkscape:window-width="3840"
     inkscape:window-height="2066"
     id="namedview25"
     showgrid="false"
     showguides="false"
     inkscape:zoom="2.084"
     inkscape:cx="381.98712"
     inkscape:cy="192.86537"
     inkscape:window-x="-11"
     inkscape:window-y="-11"
     inkscape:window-maximized="1"
     inkscape:current-layer="svg23"
     inkscape:document-rotation="0"
     fit-margin-top="0"
     fit-margin-left="0"
     fit-margin-right="0"
     fit-margin-bottom="0"
     inkscape:showpageshadow="2"
     inkscape:pagecheckerboard="0"
     inkscape:deskcolor="#d1d1d1">
    <inkscape:page
       x="0"
       y="0"
       width="999.99969"
       height="588"
       id="page2"
       margin="0"
       bleed="0" />
  </sodipodi:namedview>
  <path
     d="m 469.5,122.09999 v 1.4 h -1.2 l -0.3,0.6 0.6,2.4 0.3,2.4 0.5,1.3 1,1.3 2.3,1.9 1.4,1.5 1.8,4 0.5,0.9 1.5,0.6 0.9,0.4 1.6,-0.1 1,1.1 0.2,3.9 0.1,3.7 -0.7,2.2 -1.6,1.5 -3.7,1.5 -3.5,2.1 -3.5,-1.5 -4.4,-0.8 -4.1,0.5 -1.1,0.3 -1.1,0.4 -1.3,0.2 -1.4,-0.1 -1.7,-0.7 -1.6,-0.2 -5.8,0.4 -5.8,-1.6 -2.7,-0.5 -1.9,0.3 -3.4,1.2 -3.4,1.5 -6.7,3.7 -4,1.4 -3.4,0.9 h -5 l -2.4,0.3 -3,-0.7 -2,-2.7 -11.4,3.1 -7.2,-0.2 -2.9,0.5 -6.1,5.3 -2.6,2.9 -1.5,1.3 -2.9,1.6 -10.4,3.8 -4.9,3.5 -1.6,1.4 -0.8,0.5 -6.6,-0.1 -11.4,-2.7 h -1.6 l -1.5,-0.3 -1.5,-1 -1.8,-0.7 -1.2,-0.2 -1.1,0.3 -0.8,0.6 -1,0.3 -0.7,0.6 -1.7,0.7 -1.8,-0.4 -2.4,-1.1 -1.4,-0.9 -1,-0.8 -1.1,-1.5 -1.1,-1.8 -0.9,-4.2 -0.1,-2.1 -0.2,-1.7 -2.8,-1.9 -1.5,-0.1 -0.8,0.3 -6.2,3.6 -2.3,-0.3 -6.8,1.8 -7.1,0.6 -2.5,-1 -6.4,-7.1 -1,-1.9 -0.8,-5.1 -0.2,-2.4 -1.5,-5.8 -1.7,-3.1 -2.7,-1.4 -11.6,-8.2 2.3,-0.6 1.4,-0.8 0.9,-1.7 0.1,-1.9 -0.5,-1.5 -1,-0.8 -1.3,0.3 -0.6,-2.2 -2.5,-2.8 v -1.8 l 0.9,-1.5 2.5,-2.6 1.1,-1.7 1.5,-4 0.9,-1.5 1.8,-1.7 1.6,-1 0.9,-1.5 -0.6,-4 1,-0.3 2.9,0.4 2.7,0.9 7.1,4.3 2.7,0.3 v -1.1 l -1.6,-1.6 1.6,-1.9 5.6,-3.399998 -3.1,4.199998 -1.1,2.6 1.4,1.2 0.9,1.1 15,13.7 4.8,2.1 5.1,-1 0.9,-1 1.7,-2.6 0.7,-0.9 1.6,-0.1 4.1,0.2 0.9,-0.7 0.9,-2.8 2.4,-1.5 3.2,-0.3 16.5,3.8 14.5,5.1 14.8,1.6 17.1,4 5.7,0.5 6.1,-0.7 9.8,-2.9 2.8,-0.5 0.5,-0.5 2.7,-2.1 0.6,-0.3 0.9,-0.7 1.9,0.7 2,1.1 0.7,0.6 6.8,0.6 31.3,-2.8 5.3,0.2 4.9,2 z m -8.2,-27.899998 -0.8,0.9 -0.7,-0.6 0.6,-0.8 0.3,-0.9 z m 3.7,-1.8 -0.6,0.6 -0.5,-0.7 -0.6,-0.6 -0.1,-0.6 0.9,-0.6 0.9,0.5 z"
     id="Atlántida"
     name="Atlántida"
     style="fill:#e86c72;fill-opacity:1" />
  <path
     d="M 699.7,89.299992 V 242.09999 l -9.6,-11.3 -5.3,-5 -22.4,-9.9 -2.6,-1.7 -9.3,-11.4 -8.5,-12.6 -5.7,-4.6 -17.5,-6.7 -16.4,-14.2 -12.9,-7.1 -3.4,-0.7 -1.4,0.8 -1.6,0.6 -1.2,0.2 -1.6,-0.6 -1.1,-1 -1.1,-0.4 -0.8,-0.2 -3.5,1.8 0.3,1.6 -0.6,1.2 -1.2,1.5 -3.5,2.8 -3.1,2 -1.8,-0.1 -1.9,-1.3 -1,-0.4 -1.1,-0.1 -1.1,0.4 -0.8,0.9 -3.9,6.5 -9.7,9.6 -9.2,5 -0.7,1 h -1.1 l -1.1,-0.5 -1.3,-0.4 -1.6,-0.2 -2.9,0.5 -1.4,0.6 -2.6,0.5 -3.1,1.5 -3.6,0.9 -3.7,-0.9 -9.8,-5.2 -0.3,-4.4 -1,-2.2 -0.1,-0.8 0.9,-7.5 -0.2,-2.2 -0.5,-1.4 -0.5,-0.4 -0.7,-0.1 -0.4,0.2 -0.4,0.7 -0.8,-0.5 -1.4,-0.5 -1.4,-1.4 -0.9,-0.4 h -1.3 l -4,-1.1 -7.7,0.3 -1.6,-0.1 -0.9,-0.3 -0.3,-0.6 -1.9,-2.2 -4.7,-3.9 3.5,-2.1 3.7,-1.5 1.6,-1.5 0.7,-2.2 -0.1,-3.7 -0.2,-3.9 -1,-1.1 -1.6,0.1 -0.9,-0.4 -1.5,-0.6 -0.5,-0.9 -1.8,-4 -1.4,-1.5 -2.3,-1.9 -1,-1.3 -0.5,-1.3 -0.3,-2.4 -0.6,-2.4 0.3,-0.6 h 1.2 v -1.4 l 3.7,2.4 2.5,0.7 3.9,0.2 3.1,-0.5 2.7,-1.2 15.2,-9.6 4,-4.4 1.8,-1.4 5.5,-2.3 5.6,-1.4 22.9,-0.8 2,-0.6 1.6,-0.8 6.3,-4.599998 3.3,-3.8 1.5,-4 -2.6,-3.4 -10.1,-1.4 -4.9,-1.3 0.8,-1.8 4.2,-0.4 12.3,2.5 8.6,1.6 6,0.7 7.6,2.2 7.5,1.9 2.6,0.6 1.8,0.8 0.4,1.9 v 2.3 l 0.4,1.8 h 1.2 l -0.1,-1.1 0.3,-0.5 0.9,-0.7 2.6,0.1 1.4,2.1 2.9,2.399998 3.4,2.4 7.1,3.1 12,3.2 8.4,-0.7 11.9,-1.2 17.3,-0.5 9.2,-3.9 11.7,-8.499998 7.6,-4.6 z"
     id="Colón"
     name="Colón"
     style="fill:#87aade" />
  <path
     d="m 381.5,250.89999 0.4,1.8 0.6,1.1 1.7,2 1.4,1.5 3.8,1.9 1.8,2 2.3,1.2 1,1 -1.5,1.3 -1.3,4.5 -1.6,1.3 1,3.5 0.6,1.2 1,1.8 0.8,1.7 0.4,4.5 0.4,1.8 1.3,1.8 1.3,6.1 4.9,12.4 1.9,3.5 2.2,2.4 1.4,1.2 3.1,0.8 1.5,1.5 5.6,5.3 3,3.8 -0.1,3 -0.7,2.7 0.2,1.4 0.4,1.5 1.6,2.6 0.6,1.2 0.3,2.5 0.5,2.3 2,5.6 -0.1,2.3 -11.9,9.2 -5.3,5 -1.2,5.5 -3,5.5 -7.8,6.9 -2,5.1 -1.7,2.5 -0.3,0.9 0.2,0.6 1.3,0.3 0.9,0.5 0.6,0.8 0.2,0.7 -1.7,3.3 -3.3,0.5 -2.6,-0.5 h -2.2 l -3.4,1.3 0.9,3 4.2,5.7 4.4,3.3 1.2,0.7 0.5,1 0.3,1.8 -0.6,6.6 -1.7,3.3 -1.9,2 -2.6,1.4 -5.5,-1 0.6,2.4 0.2,1.2 -0.1,1.4 -0.8,1.6 -0.4,2.1 0.2,3.3 -0.7,7.6 -3,7.5 -2.6,3.5 -0.8,0.6 h -2.5 l -4,-0.7 -1.3,-0.7 -3.6,-3.2 -2.4,-1.2 -1.1,1.3 -0.2,0.7 -0.3,1.2 -0.1,2.4 0.1,2.3 0.5,1.7 0.9,1.3 1.9,3.4 -0.1,2.6 -1.3,1.7 -1.2,2.7 -0.5,3.5 -0.7,-0.1 -7.7,-3.4 -5,1.7 -7.9,-2.9 -5.5,0.7 -1.6,-0.7 -1.9,-1 -6.5,0.8 -5.2,-5.1 -0.4,-2.2 1.2,-2.8 0.1,-0.6 -0.6,-0.2 -1.6,0.2 -3.7,-1 -3.1,0.1 -1.8,0.6 -0.5,1.8 -0.4,4.3 -0.9,3.6 0.1,2.4 0.6,2.2 -1.2,0.7 -1.6,-0.5 -4.2,-2.6 -5.7,-4.4 -0.5,-0.6 -1.3,-0.7 -3,0.4 -4.9,-1 -6.5,-4.5 -1.2,-1.9 0.3,-7.1 0.1,-4.9 4.4,-5.7 1.3,-3.9 0.4,-0.6 0.4,-1.1 1.3,-5.9 0.2,-3.1 -2.9,-21.7 0.1,-3.4 3.3,-4 1.3,-1.1 1,-0.6 1,0.1 5.1,-0.6 4.6,-2.1 1.9,-1.2 1,-1.3 0.1,-0.9 1.7,-3.5 3.2,-2 4.2,-0.9 1.2,-0.6 0.6,-1.1 v -1 l -0.7,-1.7 -0.6,-0.5 -1.1,-0.5 -0.7,-0.4 -1.8,-2 -0.6,-1 -0.3,-1.7 -0.3,-6.5 0.3,-1.7 0.4,-1 0.8,-0.3 1.6,0.1 2,1 1.2,-0.5 0.8,-0.5 4.2,-5.8 1.7,-3.5 -0.6,-1.2 -3.9,-3 -0.4,-1 0.5,-0.5 0.4,-0.7 0.1,-1.6 -0.3,-0.7 -0.5,-0.6 -3.7,-3.4 -2.6,-1.7 -0.8,-1.2 -0.7,-1.5 -0.4,-1.3 -0.4,-2.6 8.1,-8.1 1.5,-3 0.4,-2.7 -0.1,-2.5 0.3,-0.6 0.5,-0.4 1.3,0.3 1.4,0.7 0.7,0.2 h 1.5 l 0.6,1.3 1.8,0.6 1.8,0.1 2.4,-4.3 0.6,-2.3 -0.1,-1.8 -0.3,-1.3 0.3,-0.7 0.8,0.6 0.6,-0.1 0.2,-0.5 0.3,-1.5 1.8,-0.6 1.4,-1 1.9,-0.7 0.7,-0.4 1.2,-0.8 0.4,-0.4 -0.2,-0.6 0.1,-0.7 1.8,-4.5 0.9,-3.9 -0.6,-5.7 -0.8,-2.5 0.2,-2.6 0.4,-1.6 0.5,-0.9 1,-0.6 3.3,-0.3 2.6,-2 -1.6,-2.5 -0.2,-1.2 -1.4,-1.4 -2.8,-1.3 3.1,-4.3 1,-2.3 1.6,-2.4 3.2,-2.8 0.5,-0.9 0.3,-1 0.2,-3.4 -0.1,-1.7 2.8,-2.4 7.6,-1 1.6,0.1 1.9,0.4 1.2,0.6 2.5,0.7 8.6,-0.3 z"
     id="Francisco-Morazán"
     name="Francisco Morazán"
     style="fill:#87aade" />
  <path
     d="m 699.7,296.19999 v -54.1 -152.799998 l 7.9,2.6 15.4,7.1 19.3,5.799998 9.2,3.1 2.2,1.7 -1,2.1 -1.9,3.1 -0.1,6.7 3.4,3.3 3.2,0.5 3.9,-1.3 0.6,-3.4 0.4,-1.5 1.5,0.1 1.1,2.1 2.8,2 4.1,-0.7 3.8,0.5 7.8,1 1.5,-1.7 2.5,-1.1 -3.4,-1.4 -4,-0.9 -12.7,-2.2 -4.7,-2.1 -4.1,-2 -1.4,-2.6 6.5,1.3 22,4.2 14.3,1.5 9.5,0.5 3.3,1.1 8.7,7.3 11.7,9.6 17.4,14.9 16.9,14.5 9.4,7.9 12.3,7.6 2.9,1.7 3,1.3 5.6,1 1.4,0.7 1.1,1.6 0.1,1.3 -1,0.9 -2.4,0.3 -2.8,-1.1 -6.1,-4.8 -4.5,-1.6 -3.1,-2.1 -1.5,-0.7 -4.8,-0.1 -2.1,-0.4 -1.9,-1.9 0.7,-0.3 0.7,-0.5 0.8,-0.2 -1.4,-2.1 -5.3,-6 h -1.1 l -1.7,0.9 -2.2,-1.3 -2.2,-1.9 -2.1,-1 -3.2,0.4 -1.6,1.1 -1.1,1.4 -2.3,1.6 -1,-0.7 -4.4,-1.6 2,-1.8 0.9,-1 0.4,-1.1 -0.8,-0.4 -1.7,-0.3 -1.9,-0.1 -1.2,0.3 -0.5,1.8 1.1,2.8 1.8,3.1 2,2.4 -0.7,0.6 -0.3,0.6 h -1.1 l -4.8,-9.4 -1.8,-1.9 -1.8,-0.4 -2.1,0.5 -2.8,0.9 -1.9,-0.2 -2.7,-0.6 -1.9,-0.2 1.2,3.7 1.1,1.3 2.9,1.1 v 1.4 l -0.5,1.8 -0.3,2 h 1.1 l 0.5,-2.5 3.2,-1.6 1.4,-4.6 1.5,-0.5 1.5,1 2.2,5.4 2.6,4.4 0.9,3.7 -3.4,1.6 -1.7,1.9 1.2,4.2 2.7,4.5 2.8,2.9 4.1,2.2 3.4,0.9 1.5,-1.6 -1.5,-4.9 2.2,1.7 1.9,2.3 0.7,2.5 -1.3,2.7 2.2,2.7 3.1,0.6 7.8,-1 v 1.1 l -1.5,-0.1 -1.1,0.3 -1.8,0.9 v 1.1 l 1.4,2.8 1.9,2.6 2.7,1.9 3.3,0.7 2.9,-0.4 3.8,-0.9 3.6,-1.5 2.4,-1.7 -2,-2 -6.8,-3.7 -1.2,-1.1 -0.5,-1.1 -0.7,-0.9 -1.5,-0.3 -1.7,-0.1 -12.2,-4.4 -2,-1.3 -3.7,-5.4 -1.9,-1.4 1.4,-1.2 1.6,-0.9 3.6,-1.3 14.3,6.3 2.3,3.4 0.9,1.8 2.2,1.6 2.7,1.2 4.5,1 1.9,1.3 1.7,1.9 1.4,2 -1.1,0.8 -1.3,1.1 -0.9,0.4 v 1 l 2.6,0.6 2.3,-1.6 1.7,-0.2 1.2,4.8 -0.4,6.2 0.4,1.7 1.1,1.2 1.2,-0.1 0.9,-1.2 -0.1,-2.2 h 1.2 l 1.4,3.2 1.4,-0.7 2.7,-4.9 2.5,-1.4 3.3,-1 5.7,-0.8 0.7,-0.7 -0.3,-3.8 0.2,-1.3 1.1,-0.7 h 1 l 1.2,0.4 10.4,2.1 2.7,-0.6 v 1 l -0.9,1 0.1,0.7 0.5,0.7 0.3,1.2 v 5 l -0.8,2.5 -1.9,1.1 -1.8,-0.7 -0.9,-2.9 -0.5,-0.8 -1.4,-0.6 -1.7,-0.3 -1.4,-0.1 -0.9,0.7 -0.9,1.5 -1,2.5 -0.7,0.8 -0.7,0.6 -0.6,0.8 -0.2,1.7 0.4,1.6 0.9,0.2 1.1,-0.4 0.9,-0.8 -0.8,-1.4 -0.2,-1.1 0.3,-1 0.7,-1 h 1.2 l 0.3,4 1.1,3 2,1.1 3.1,-1.3 0.9,-1 1.5,-2.4 0.9,-1.1 1.3,-0.8 7.1,-2.6 v -0.6 l -0.7,-1.7 -0.7,-1.1 -0.9,-0.7 -0.9,-1 -0.7,-1.7 -0.6,-2.3 -1.1,-3.2 -2,-1.9 -3,1.6 -4.7,-2.9 -2.4,-0.5 -2.8,1.2 -1,-1.1 0.4,-0.7 0.6,-1.6 -2.6,-0.4 -6.9,-2.5 -1.4,-1.1 -1.7,-1.9 -3.4,-1 -2.4,-1.5 0.9,-3 2.6,-1.3 2.5,1.3 2.3,2.2 1.9,1.2 1.7,0.5 17.3,9.1 21.6,8.2 8.2,6.1 1.9,3.1 2.6,10.7 2.8,6.6 4.3,6.4 4.8,3.9 19.8,7.9 -2.1,0.3 -5.4,-0.3 -2.2,0.4 -4.3,2 -7.1,-0.1 -0.6,0.1 -2,-0.8 -1.2,-0.8 0.2,-0.9 1.9,-0.9 -7.1,-0.8 -2.7,0.2 -2.4,1.6 -0.9,-2.2 -1.7,-1 -2,-0.8 -2,-1.6 -1.5,2.8 -2.5,2.8 -3.3,1.9 -3.7,0.5 -1.5,-0.8 -2,-3 -0.8,-0.8 -2.1,-0.4 -1.6,0.2 -0.6,0.8 1.1,1.6 -0.8,1.1 -0.3,1 -0.1,2.6 -1.6,-1.5 -0.9,0.7 -0.2,1.9 0.5,2.3 -0.9,-0.5 -2.3,-0.7 0.3,0.5 0.8,1.8 -2.4,0.7 -3.9,3.2 -4,1.4 -0.7,1.8 -0.4,2.3 -0.7,2 h -1.2 l -1.3,-1.7 -3,-0.9 -3.5,-0.2 -3.2,0.4 -3,1.5 -0.6,1.8 1.5,4.8 h -1.2 l -0.6,-1.5 -1.2,-0.7 -1.6,-0.2 -2,0.1 0.3,2.6 -3.3,1.3 -9,0.5 1.2,2 0.8,0.8 1.2,0.8 h -2.9 l -3.2,1.1 -2.9,1.6 -1.9,1.7 -1,-1.2 -0.5,-0.4 -1.8,-0.6 0.8,1.5 0.2,0.7 -2.1,-0.5 -2.5,-2.8 -2,-1.1 -0.8,3.8 v 1.5 l 0.8,1.4 -15.8,0.8 -2.7,-0.3 -0.4,-1.3 -0.8,-0.4 -2.7,0.1 -1.7,-0.3 -0.6,-0.5 -0.4,-0.8 -3.6,-2.4 -1.2,0.1 -1.8,1.5 1.9,3.9 1.1,1.5 1.4,1.4 v 1.2 l -1.1,0.7 h -0.7 l -0.7,-0.4 -1.4,-0.3 -1.4,0.3 -0.9,0.7 -0.6,0.8 -0.9,0.6 -4,1.1 -2.3,0.2 -1.9,-0.8 -3.8,-4.1 -1.3,-1 -1.4,-0.9 -2.2,-0.7 -2,0.1 -0.9,2 0.8,7.7 -0.8,3.7 -3.3,1.7 -1.8,-0.1 -3.9,-0.9 -2.4,-0.2 -1.2,-0.9 -1.2,-4.3 -1.5,-1.6 -2.1,3.1 -2.3,4.2 -2.9,3.7 -6,2.1 -4.1,2.3 -1.8,0.5 -2.5,-0.7 -1.6,-1.4 -1.7,-1 -2.5,0.8 0.5,-3.3 0.6,-1.1 -11.7,-0.4 -3.6,-0.8 -6.2,-2.7 -3,-0.3 -3,1.8 -2.4,-5.7 -1.7,-2.7 -3.2,-2.3 0.1,-2.2 -0.4,-2 -3.2,-0.4 0.1,-0.3 1.2,-1.6 0.5,-0.5 -2.3,-3.9 -3.5,-2.6 -4.2,-1.3 -4.2,0.2 -9.6,1.7 -2.6,1.6 -7.4,7.1 -2.8,2.1 z"
     id="Gracias-a-Dios"
     name="Gracias a Dios"
     style="fill:#e86c72;fill-opacity:1" />
  <path
     d="m 398.5,69.799992 0.4,1.9 -3,-0.1 -2.5,0.6 -4.4,1.8 -3.7,2.2 -2.5,-1.9 -2.9,-1 1.4,-1.9 7.1,-3.6 4.1,-0.9 2.3,-0.3 2.2,-0.6 h 1.9 l 1,1.1 z m 108.7,-53 -3.5,1.7 -3.1,-0.9 -4.8,1.1 -3.4,-0.7 -2.8,0.5 -1.1,0.5 -2.2,1.5 -1,0.4 -1.4,0.1 -2.3,0.5 -2.9,2.1 -5.9,2.9 -5.8,2.1 -6.1,4.4 -5.4,1.7 -3.7,0.4 -5.2,5 -3.2,2.2 -0.9,-2.6 1.1,-4 4.6,-3.9 6.4,-3.9 4.9,-2.2 9.6,-4.6 10.4,-3.5 6.9,-2 4.8,-0.6 11.4,0.7 7.9,0.1 z m 9.2,-4.1 1.1,0.5 1.3,-0.3 0.9,0.2 -0.7,1.2 -1.4,1 -1.8,-0.5 -1,0.1 -1.9,0.5 v -0.8 l 2.6,-1.6 z m 39.9,1.7 -8.3,5.6 -0.6,-1.5 1.7,-3 2.2,-4.1 2.4,-1.2 2.6,-4.5 1.8,-2.3 5.3,-2.39999997 3,1.09999997 2.5,2 -0.8,2.1 -3.6,0.4 -0.8,2.4 -2.2,2.8 -3.1,0.2 z"
     id="Islas-de-la-Bahía"
     name="Islas de la Bahía"
     style="fill:#87aade;fill-opacity:1"
     sodipodi:nodetypes="cccccccccccccccccccccccccccccccccccccccccccccccccccccccccccccccccccccccccccc" />
  <path
     d="m 699.7,242.09999 v 54.1 l -0.3,0.3 -2.2,2 -1.5,2.6 -0.8,6.2 -0.5,0.9 -0.8,0.4 -2.6,0.7 0.9,1.6 4.5,3.3 -3.5,3.3 -0.9,1.3 h 4.1 l -1.2,2.8 -5.7,5.7 -3.4,1.6 -2.7,-2 -2.5,-2.8 -2.9,-0.8 -1.3,2.4 -0.7,4.6 -0.3,8.3 -0.6,1.1 -3.7,4 -0.2,1 0.4,2.5 -0.2,1.1 -4.4,3.4 2.6,1.7 2.9,2.6 2,3.3 0.2,3.8 -1.9,2.7 -3.3,2 -4,1.3 -3.9,0.7 h -6.1 l -1.7,0.4 -3.8,1.9 -1.5,0.4 -0.9,0.9 -0.6,1.1 -1.1,1.4 -0.5,1.2 -0.4,0.5 -0.7,0.2 -1.7,-0.3 -0.7,0.1 -1.6,1.5 -1.8,2.4 -1.5,2.6 -1.2,4.3 -1.3,3.1 -1.8,3.2 -1.9,2.3 -4.1,3.3 -2.7,1.6 -5.8,1.6 -0.9,2.1 -0.4,2.7 -1.5,2.2 -2.9,1 -2.7,0.5 -2,-5.4 -0.7,-0.8 -1.2,-0.9 -1.3,-0.7 -1.6,-1.3 -0.6,-1.3 -0.3,-1.6 v -1.9 l -0.7,-3.5 -0.9,-2 -1.6,-1.8 -2.5,-2.2 -1.4,-0.4 -0.7,0.2 -0.3,1.2 -0.5,0.2 -1.1,-0.1 -6.1,-1.9 -7.6,-1.7 -1,0.2 -0.7,0.7 -1.9,3.8 -0.7,0.6 -1,0.3 -2.1,-0.4 -1.6,-0.8 -2.1,-1.5 -1.6,-0.3 -1.3,0.2 -2,1.5 -1.7,0.7 -0.5,0.5 -0.7,1.4 -0.1,1.7 -0.2,0.7 -0.5,0.7 -0.8,0.7 -1.1,0.4 -2.2,0.1 -1.1,-0.3 -1.9,-1.5 -3.1,-4.2 -6.2,-2.8 -1.2,-1.1 -0.8,-1.3 -0.3,-1.5 -0.6,-2.2 -0.9,-2.2 -2,-3.3 -1.7,-1.5 -1.7,-0.9 -2.8,-0.6 -1.4,0.2 -1,1 -0.5,1.3 -0.7,0.7 -1.3,0.1 -4.1,-1 -4.5,-1.7 -1.1,-1.2 -4.3,-7.8 -1.4,-1.7 -1.5,-0.8 -2,-0.4 -4.2,-0.1 -1.6,0.3 -3.1,0.8 -2.3,1.2 -1.7,1.1 -1.9,0.7 -0.7,0.6 -1.6,1.4 -3.6,2.3 -1.1,0.5 -1.9,0.2 -11.8,-0.7 -1.5,-0.5 -0.7,-0.6 -0.9,-2.3 -0.8,-1.1 -0.7,-0.8 -3,-2.3 -3.7,-1 -0.6,-0.4 -3.3,-3.2 -8.9,-2.6 -3.4,-0.3 -1.2,0.2 -0.7,-0.2 -0.6,-0.7 -0.8,-1.7 -1.6,-1.9 -0.7,-0.4 -0.6,-0.1 -1.7,0.3 -1,0.5 -1.6,0.1 -0.9,-0.1 -6.9,-2.9 0.1,-2.3 -2,-5.6 -0.5,-2.3 -0.3,-2.5 -0.6,-1.2 -1.6,-2.6 -0.4,-1.5 -0.2,-1.4 0.7,-2.7 0.1,-3 -3,-3.8 -5.6,-5.3 -1.5,-1.5 -3.1,-0.8 -1.4,-1.2 -2.2,-2.4 -1.9,-3.5 -4.9,-12.4 -1.3,-6.1 -1.3,-1.8 -0.4,-1.8 -0.4,-4.5 -0.8,-1.7 -1,-1.8 -0.6,-1.2 -1,-3.5 1.6,-1.3 1.3,-4.5 1.5,-1.3 -1,-1 -2.3,-1.2 -1.8,-2 -3.8,-1.9 -1.4,-1.5 -1.7,-2 -0.6,-1.1 -0.4,-1.8 2.2,-4.1 1.6,-1.2 2,0.3 4.8,-1.4 3.2,-2.9 2.4,-1.6 0.9,-1.5 0.2,-1.3 0.2,-2.1 0.3,-1.2 0.7,-1.5 1.1,-1.8 0.4,-1 -0.1,-1.8 1.3,-2.8 -1.3,-10 0.1,-1.3 0.6,-2.3 0.5,-0.7 0.6,-0.5 1.1,-0.2 2.4,-1.3 0.6,-0.2 1.3,-1 0.4,-1.4 7.5,-1.6 4.9,4 1.3,0.4 1.8,0.3 h 2.9 l 1.3,-0.3 1,-0.5 1.6,-1.3 1.6,-0.5 1,-2.3 1.3,-1.6 1.6,-4.2 0.6,-1 0.8,-0.6 1.4,0.3 0.9,0.1 1.2,-0.5 13.6,-7.4 2,-0.5 h 1.7 l 3.8,1.1 2.4,1.3 2,1.4 1.5,1.3 1.3,1.4 0.8,1.2 0.5,1 1,0.8 1.8,0.6 3.8,0.1 2.1,-0.3 4.2,-2 8.9,-5.4 2,-0.7 7.2,-5.2 9.8,5.2 3.7,0.9 3.6,-0.9 3.1,-1.5 2.6,-0.5 1.4,-0.6 2.9,-0.5 1.6,0.2 1.3,0.4 1.1,0.5 h 1.1 l 0.7,-1 9.2,-5 9.7,-9.6 3.9,-6.5 0.8,-0.9 1.1,-0.4 1.1,0.1 1,0.4 1.9,1.3 1.8,0.1 3.1,-2 3.5,-2.8 1.2,-1.5 0.6,-1.2 -0.3,-1.6 3.5,-1.8 0.8,0.2 1.1,0.4 1.1,1 1.6,0.6 1.2,-0.2 1.6,-0.6 1.4,-0.8 3.4,0.7 12.9,7.1 16.4,14.2 17.5,6.7 5.7,4.6 8.5,12.6 9.3,11.4 2.6,1.7 22.4,9.9 5.3,5 z"
     id="Olancho"
     name="Olancho"
     style="fill:#87aade;fill-opacity:1" />
  <path
     d="m 472.2,156.69999 4.7,3.9 1.9,2.2 0.3,0.6 0.9,0.3 1.6,0.1 7.7,-0.3 4,1.1 h 1.3 l 0.9,0.4 1.4,1.4 1.4,0.5 0.8,0.5 0.4,-0.7 0.4,-0.2 0.7,0.1 0.5,0.4 0.5,1.4 0.2,2.2 -0.9,7.5 0.1,0.8 1,2.2 0.3,4.4 -7.2,5.2 -2,0.7 -8.9,5.4 -4.2,2 -2.1,0.3 -3.8,-0.1 -1.8,-0.6 -1,-0.8 -0.5,-1 -0.8,-1.2 -1.3,-1.4 -1.5,-1.3 -2,-1.4 -2.4,-1.3 -3.8,-1.1 h -1.7 l -2,0.5 -13.6,7.4 -1.2,0.5 -0.9,-0.1 -1.4,-0.3 -0.8,0.6 -0.6,1 -1.6,4.2 -1.3,1.6 -1,2.3 -1.6,0.5 -1.6,1.3 -1,0.5 -1.3,0.3 h -2.9 l -1.8,-0.3 -1.3,-0.4 -4.9,-4 -7.5,1.6 -0.4,1.4 -1.3,1 -0.6,0.2 -2.4,1.3 -1.1,0.2 -0.6,0.5 -0.5,0.7 -0.6,2.3 -0.1,1.3 1.3,10 -1.3,2.8 0.1,1.8 -0.4,1 -1.1,1.8 -0.7,1.5 -0.3,1.2 -0.2,2.1 -0.2,1.3 -0.9,1.5 -2.4,1.6 -3.2,2.9 -4.8,1.4 -2,-0.3 -1.6,1.2 -2.2,4.1 -5.4,-1.2 -8.6,0.3 -2.5,-0.7 -1.2,-0.6 -1.9,-0.4 -1.6,-0.1 -7.6,1 -2.8,2.4 0.1,1.7 -0.2,3.4 -0.3,1 -0.5,0.9 -3.2,2.8 -1.6,2.4 -1,2.3 -3.1,4.3 -4.3,-3.9 -2,-0.4 -1.1,0.9 -0.8,0.3 -0.9,-0.5 -1.3,-1 -0.7,-0.4 -5.7,-1.5 -3.8,-0.3 -3.1,3 -4,2.1 -2.4,-0.1 -1.7,-0.3 -1.2,-1 v -1.2 l -1.1,-2.9 -0.2,-0.9 0.1,-2.3 -0.2,-0.9 -0.5,-1 -0.8,-0.4 -0.7,-0.9 -0.6,-0.4 -1.6,-0.6 -1.5,-1.2 -0.7,-1.4 -0.4,-2 -0.5,-1.5 -1.7,-2.5 -1.3,-1.3 -2,-1.4 -1.7,-0.6 -1.1,0.4 -4.6,3.4 -0.6,1.4 -7,1.6 -1.8,-0.2 -15,0.2 -0.8,-7.4 0.2,-1.1 0.4,-1.2 0.6,-0.4 0.2,-0.6 -0.2,-2.2 -0.6,-1.7 -0.2,-1 -4.7,-4.8 -2.5,0.5 -0.8,-0.1 -0.9,-0.4 -0.4,-1.6 -0.5,-0.7 h -1.8 l -0.5,-0.2 -0.6,-0.5 -0.7,-0.3 h -2.3 l -0.9,-0.1 -0.5,-0.8 -0.1,-0.7 -0.4,-0.7 -0.7,-0.8 -2.4,-1.8 -1.7,-0.4 -3.1,-0.3 -3.3,0.9 -0.7,-0.5 v -0.7 l 0.5,-1.6 -0.1,-1.1 0.5,-2.4 v -2 l -0.6,-0.4 -0.9,0.4 -0.7,0.1 -0.7,-1.2 1.4,-2.4 -0.3,-1.8 0.5,-1 0.2,-1.2 v -1.1 l -0.3,-1.1 2,-2.1 0.4,-0.7 v -0.6 l -0.4,-1.1 0.3,-0.5 0.8,-0.4 2.1,-0.6 0.9,-0.5 1.5,-1.2 1.4,-0.9 1.1,-1.4 3.9,-6.6 2.4,-1.9 0.5,-1.4 -0.5,-2.3 -1.6,-1.6 -2,-1 -1.1,-1 1.1,-1.4 h 1.7 l 1.8,1.2 1.2,0.2 0.5,-2.9 -0.8,-2.2 -1.4,-2 -0.6,-2.3 1.8,-3.1 1.6,-1.1 0.9,-2.4 0.6,-2.7 1,-2.2 1.5,0.4 1.1,0.2 1.1,-0.7 -0.1,-0.5 1.1,-4.3 0.4,-0.5 -2.4,-3.9 -4.2,-3.4 -2.6,-3 2.3,-2.7 -2.9,-0.6 0.9,-1.6 4.9,-3.3 11.6,8.2 2.7,1.4 1.7,3.1 1.5,5.8 0.2,2.4 0.8,5.1 1,1.9 6.4,7.1 2.5,1 7.1,-0.6 6.8,-1.8 2.3,0.3 6.2,-3.6 0.8,-0.3 1.5,0.1 2.8,1.9 0.2,1.7 0.1,2.1 0.9,4.2 1.1,1.8 1.1,1.5 1,0.8 1.4,0.9 2.4,1.1 1.8,0.4 1.7,-0.7 0.7,-0.6 1,-0.3 0.8,-0.6 1.1,-0.3 1.2,0.2 1.8,0.7 1.5,1 1.5,0.3 h 1.6 l 11.4,2.7 6.6,0.1 0.8,-0.5 1.6,-1.4 4.9,-3.5 10.4,-3.8 2.9,-1.6 1.5,-1.3 2.6,-2.9 6.1,-5.3 2.9,-0.5 7.2,0.2 11.4,-3.1 2,2.7 3,0.7 2.4,-0.3 h 5 l 3.4,-0.9 4,-1.4 6.7,-3.7 3.4,-1.5 3.4,-1.2 1.9,-0.3 2.7,0.5 5.8,1.6 5.8,-0.4 1.6,0.2 1.7,0.7 1.4,0.1 1.3,-0.2 1.1,-0.4 1.1,-0.3 4.1,-0.5 4.4,0.8 z"
     id="Yoro"
     name="Yoro"
     style="fill:#87aade" />
  <path
     d="m 279.5,542.09999 -3.6,0.6 -1.9,-0.3 -1.3,-0.8 v -1.1 h 1.1 l -0.6,-0.8 -1,-1.8 -0.6,-0.9 2.6,-0.9 2,-0.3 4.8,0.2 0.5,1.1 -0.3,2.6 z m 0.3,-19.1 1.6,0.5 4.3,-1 h 2.4 v 1 l -2.8,1.3 1.9,6.5 -2.4,2.3 -7.4,-2.4 -3.5,-2.1 0.5,-2.8 2,-3.1 1.5,-1 z m 25.8,-49.6 0.3,0.3 2.9,2.4 1.3,0.7 1.1,0.8 0.7,1.1 -0.4,6.5 0.7,1.3 0.7,1.3 0.2,1.1 2.3,5 5.7,4.3 -0.5,3.4 0.2,1.5 0.9,2.5 1.8,3.5 0.3,3.3 -1.8,4.1 -3.2,2.5 -2.4,-2.2 -1.1,-0.8 -1.4,-0.3 -3.3,0.6 -1.2,-0.3 -1.6,-1.5 -2.7,2 -0.8,0.9 -0.8,1.6 -0.3,2.2 0.5,1.2 0.1,0.9 -1.5,1.3 -1,0.1 -5.6,-0.1 -2.5,0.6 -1.4,0.1 -1.5,-0.7 v -1.1 h 2.2 v -1 l -3,-0.7 -3.1,-1.1 -2.8,-0.3 -2.1,2.1 h -1.1 l 0.3,-1.6 1.8,-4.2 -2.2,-0.8 -0.5,-1.8 0.6,-4.7 -0.9,-2.4 -1.9,0.4 -2.3,1.9 -1.5,1.8 1.4,4.7 -2.3,4.4 -4.4,3.2 -4.5,1.2 -2.8,-0.5 -3.8,-2.3 -3,-1.1 -0.3,-1.1 v -1.1 l -0.6,-0.5 -1.5,-0.1 -1.1,-0.3 -2.3,-0.8 12.6,-5.8 2.8,-3.2 0.4,-2.1 -0.3,-2.2 -0.8,-1.9 -1.3,-1.5 -2.3,-0.9 -3.4,1.1 -1.6,-0.5 -1.7,-3.8 0.9,-4.6 3.9,-9.3 0.3,-3 -0.1,-6.1 0.6,-2.9 1.4,-2 1.6,-1.6 0.8,-1.7 -1.1,-2.8 0.8,-2.7 3.3,-7.4 1.4,-2.4 -2.8,-1.2 -4.5,-3.9 2.4,-0.4 6.6,-0.3 3.9,2.6 h 3.5 l -0.1,4.9 -0.3,7.1 1.2,1.9 6.5,4.5 4.9,1 3,-0.4 1.3,0.7 0.5,0.6 5.7,4.4 4.2,2.6 1.6,0.5 z"
     id="Valle"
     name="Valle"
     style="fill:#87aade" />
  <path
     d="m 340.1,270.39999 2.8,1.3 1.4,1.4 0.2,1.2 1.6,2.5 -2.6,2 -3.3,0.3 -1,0.6 -0.5,0.9 -0.4,1.6 -0.2,2.6 0.8,2.5 0.6,5.7 -0.9,3.9 -1.8,4.5 -0.1,0.7 0.2,0.6 -0.4,0.4 -1.2,0.8 -0.7,0.4 -1.9,0.7 -1.4,1 -1.8,0.6 -0.3,1.5 -0.2,0.5 -0.6,0.1 -0.8,-0.6 -0.3,0.7 0.3,1.3 0.1,1.8 -0.6,2.3 -2.4,4.3 -1.8,-0.1 -1.8,-0.6 -0.6,-1.3 H 319 l -0.7,-0.2 -1.4,-0.7 -1.3,-0.3 -0.5,0.4 -0.3,0.6 0.1,2.5 -0.4,2.7 -1.5,3 -8.1,8.1 0.4,2.6 0.4,1.3 0.7,1.5 0.8,1.2 2.6,1.7 3.7,3.4 0.5,0.6 0.3,0.7 -0.1,1.6 -0.4,0.7 -0.5,0.5 0.4,1 3.9,3 0.6,1.2 -1.7,3.5 -4.2,5.8 -0.8,0.5 -1.2,0.5 -2,-1 -1.6,-0.1 -0.8,0.3 -0.4,1 -0.3,1.7 0.3,6.5 0.3,1.7 0.6,1 1.8,2 0.7,0.4 1.1,0.5 0.6,0.5 0.7,1.7 v 1 l -0.6,1.1 -1.2,0.6 -4.2,0.9 -3.2,2 -1.7,3.5 -0.1,0.9 -1,1.3 -1.9,1.2 -4.6,2.1 -5.1,0.6 -1,-0.1 -1,0.6 -1.3,1.1 -3.3,4 -0.1,3.4 -5.7,0.6 -2.1,1.5 -4.2,4.1 -0.1,-5.6 -1,-1.7 -1.1,-1.5 -1.7,-0.9 -2.8,-2.4 -1.8,-1 -1.8,-0.7 -1.6,-0.4 -2.7,-1 -0.6,-0.6 -0.2,-0.6 0.6,-1.5 0.8,-2.6 -2.2,-2.7 -5.5,-2.3 -0.5,-3.3 0.4,-1.1 1.1,-0.3 1,0.4 5.9,-1.5 3.2,0.3 2.6,-0.4 2,-0.5 3.4,-1.2 1.5,-0.8 2.1,-1.5 2.4,0.3 2.5,-0.5 1.4,-0.6 0.8,-0.6 1.5,-1.9 0.5,-2.2 -1.3,-1.3 1.1,-1.7 -0.6,-3.2 -0.4,-1.3 -2,-4.3 -0.7,-0.6 -7.2,3 -1.3,-0.4 -1.7,-0.1 -3.3,-1.2 -1.7,-0.9 -4.9,-1 -0.4,-0.2 -1.5,-1.5 -0.2,-0.4 -6.3,-1.7 -2.2,-2.3 -1.6,-2.5 0.6,-0.6 0.2,-0.9 v -0.6 l -1.3,-2.3 -5.1,-6.6 -1.9,-1.8 0.2,-1.5 -0.1,-1.7 -0.6,-0.7 -1,-0.8 -3.9,-2 -1.2,-1 -1,-2 -0.4,-1.1 -0.1,-1.7 -0.2,-0.6 -1.3,-2.5 -1.5,-2 -2.9,-1.1 -2.7,-2 -5.5,-1.4 -1.2,-0.2 -1.6,-0.5 -0.9,-0.3 -2.1,-3.1 2,-3.4 -1.5,-4.2 -1,-1.7 0.1,-2.3 0.4,-1.2 0.8,-0.8 1.8,-0.8 0.9,-0.6 4.8,-5.1 5.7,-1 0.2,-7.3 0.9,2.7 1.1,1.6 1.7,1.2 12.7,-9.1 2.3,-3.1 3.5,-3.6 0.6,-0.5 3.5,-0.8 3.1,-1.5 7.2,-5.4 2.7,-2.4 0.8,-3.5 -0.1,-5.5 15,-0.2 1.8,0.2 7,-1.6 0.6,-1.4 4.6,-3.4 1.1,-0.4 1.7,0.6 2,1.4 1.3,1.3 1.7,2.5 0.5,1.5 0.4,2 0.7,1.4 1.5,1.2 1.6,0.6 0.6,0.4 0.7,0.9 0.8,0.4 0.5,1 0.2,0.9 -0.1,2.3 0.2,0.9 1.1,2.9 v 1.2 l 1.2,1 1.7,0.3 2.4,0.1 4,-2.1 3.1,-3 3.8,0.3 5.7,1.5 0.7,0.4 1.3,1 0.9,0.5 0.8,-0.3 1.1,-0.9 2,0.4 z"
     id="Comayagua"
     name="Comayagua"
     style="fill:#87aade" />
  <path
     d="m 253.4,133.69999 -4.9,3.3 -0.9,1.6 2.9,0.6 -2.3,2.7 2.6,3 4.2,3.4 2.4,3.9 -0.4,0.5 -1.1,4.3 0.1,0.5 -1.1,0.7 -1.1,-0.2 -1.5,-0.4 -1,2.2 -0.6,2.7 -0.9,2.4 -1.6,1.1 -1.8,3.1 0.6,2.3 1.4,2 0.8,2.2 -0.5,2.9 -1.2,-0.2 -1.8,-1.2 H 244 l -1.1,1.4 1.1,1 2,1 1.6,1.6 0.5,2.3 -0.5,1.4 -2.4,1.9 -3.9,6.6 -1.1,1.4 -1.4,0.9 -1.5,1.2 -0.9,0.5 -2.1,0.6 -0.8,0.4 -0.3,0.5 0.4,1.1 v 0.6 l -0.4,0.7 -2,2.1 0.3,1.1 v 1.1 l -0.2,1.2 -0.5,1 0.3,1.8 -1.4,2.4 0.7,1.2 0.7,-0.1 0.9,-0.4 0.6,0.4 v 2 l -0.5,2.4 0.1,1.1 -0.5,1.6 v 0.7 l 0.7,0.5 3.3,-0.9 3.1,0.3 1.7,0.4 2.4,1.8 0.7,0.8 0.4,0.7 0.1,0.7 0.5,0.8 0.9,0.1 h 2.3 l 0.7,0.3 0.6,0.5 0.5,0.2 h 1.8 l 0.5,0.7 0.4,1.6 0.9,0.4 0.8,0.1 2.5,-0.5 4.7,4.8 0.2,1 0.6,1.7 0.2,2.2 -0.2,0.6 -0.6,0.4 -0.4,1.2 -0.2,1.1 0.8,7.4 0.1,5.5 -0.8,3.5 -2.7,2.4 -7.2,5.4 -3.1,1.5 -3.5,0.8 -0.6,0.5 -3.5,3.6 -2.3,3.1 -12.7,9.1 -1.7,-1.2 -1.1,-1.6 -0.9,-2.7 -0.3,-6.8 -1.2,-3.9 -5.1,-4.6 -3.5,-0.1 -0.7,-0.2 -0.5,-2.7 1.1,-7 0.9,-1.4 2.1,-7.5 2,-2.2 -0.6,-1.2 -1.1,-0.4 -1.1,-1 -1.1,-0.6 -3.6,-1.2 -4.6,-3.1 -1.9,-2.2 -1.2,-2.7 0.9,-3.2 6.5,-7 0.9,-2.6 -3.2,-1 -2.1,-1.3 -1.2,-1 -3.5,-7.1 -1.1,-16.2 -0.6,-0.8 -3.9,-0.8 -1.6,-0.7 -2.2,-1.5 -2.4,-2.1 -4.7,-2.8 -1.1,-1.1 -0.7,-1.1 -0.3,-0.9 -0.2,-1 0.1,-1.2 0.4,-1.9 -0.1,-0.9 -0.3,-1.5 0.2,-1.4 -0.2,-0.7 -1.1,-0.9 -2.3,-1.3 -15.1,-4.7 -8.6,-1.3 -9.1,3.2 h -0.1 l 11,-8.6 7.4,-7.4 4.8,-8.3 1,-1.3 h 3.3 l 2.6,-1 2.3,-1.3 2.8,-1.2 1,1.3 1,-2.2 -0.1,-1.9 0.5,-1.4 1.9,-0.8 0.9,0.5 7.3,5.2 3.9,1.2 4.2,-1.9 9.3,-10 3.9,-2.5 -0.8,-2.6 1.6,-0.5 6.3,0.8 9.3,-5.7 1.2,-2.2 0.3,-1.7 -0.9,-0.7 -1.8,-0.5 -1.4,-1.2 -0.7,-1.2 0.6,-0.5 6.8,-0.2 2.7,-0.8 2.6,-1.9 4.7,-1.6 13.8,-0.9 2.8,-0.8 1,-2.4 1.2,-0.4 0.6,4 -0.9,1.5 -1.6,1 -1.8,1.7 -0.9,1.5 -1.5,4 -1.1,1.7 -2.5,2.6 -0.9,1.5 v 1.8 l 2.5,2.8 0.6,2.2 1.3,-0.3 1,0.8 0.5,1.5 -0.1,1.9 -0.9,1.7 -1.4,0.8 z"
     id="Cortés"
     name="Cortés"
     style="fill:#e86c72;fill-opacity:1" />
  <path
     d="m 242.9,347.99999 -7.2,5.3 -1.9,1.1 -2,0.9 h -1.6 l -1.3,-0.3 -1.1,-0.4 H 227 l -0.5,0.9 -0.3,2.2 0.6,5.1 -2.5,4.9 -0.9,1.1 -1.5,1 -1.9,0.8 -1,0.8 -0.6,2.1 0.1,1.2 -1.3,2.3 -6.7,0.3 -5.5,4.6 -2.6,2.6 -1.4,3.5 -1.3,1.9 -0.5,0.4 -4.6,2.3 -1.7,1.7 -8.7,9.7 -1,0.9 -0.6,-0.2 -0.4,0.4 v 0.8 l 1,1.7 1,1.1 1.5,3.1 -1.4,8.2 0.2,0.5 -2.8,-0.4 -1.6,0.6 v 0.6 l 0.1,3.2 0.4,0.6 1.4,1.4 0.3,0.4 -0.8,2.3 -1,0.2 -1.4,-0.2 -2,0.8 -1,1.2 -1.2,2 -1.2,1.3 -1.8,0.6 -1.9,0.1 -1.8,0.6 -1.1,2.1 -1,-0.4 -1.3,-0.4 -1.3,-0.2 h -1 l -0.5,0.6 -0.1,2 -0.2,0.5 -1.2,-0.1 -2.5,-1 -1.6,-0.1 -6.4,1.4 -2.9,1.3 -3,1.8 -4.3,0.2 1.4,-2.3 -0.1,-2.7 -1.7,-4.3 -0.5,-1.6 0.4,-2.4 0.5,-2 0.1,-1.9 -1,-2.2 0.9,-0.1 0.3,-0.2 1.8,-2.4 0.6,-1.2 2.6,-2 5.2,-2.4 9,-5.2 3.5,-3.3 2.7,-1 0.5,-0.7 v -1.3 l 0.4,-1.8 1.4,-1.4 0.3,-2.3 -1.1,-7.3 -0.2,-3.5 0.1,-2.3 0.2,-0.7 -0.3,-1.7 -2.9,-1.7 -3.4,-0.7 h -1.8 l -1.5,0.1 -1.7,-0.8 -0.9,-0.6 -2,-1 -0.7,-0.6 -0.4,-0.9 0.1,-1.2 1.6,-3.4 0.2,-3 -1.7,-8.2 -1,-1.4 -0.6,-0.6 -3.5,-0.4 -3.3,-2.9 -3.1,-4.3 -1.1,-6.9 0.5,-1.3 2.7,-1.7 3.9,-1.2 7.3,0.1 3.7,-0.6 4.4,-2.3 1.7,-2.8 0.3,-1.9 1,-3.1 3.1,-5.8 -1.8,-10.4 -1.6,-3 12.5,0.9 9.3,-1 7.1,-0.6 5.4,1 4.7,0.5 1.1,-0.9 3,-1.7 2.1,3.1 0.9,0.3 1.6,0.5 1.2,0.2 5.5,1.4 2.7,2 2.9,1.1 1.5,2 1.3,2.5 0.2,0.6 0.1,1.7 0.4,1.1 1,2 1.2,1 3.9,2 1,0.8 0.6,0.7 0.1,1.7 -0.2,1.5 1.9,1.8 5.1,6.6 1.3,2.3 v 0.6 l -0.2,0.9 z"
     id="Intibucá"
     name="Intibucá"
     style="fill:#87aade;fill-opacity:1" />
  <path
     d="m 281,404.29999 2.9,21.7 -0.2,3.1 -1.3,5.9 -0.4,1.1 -0.4,0.6 -1.3,3.9 -4.4,5.7 h -3.5 l -3.9,-2.6 -6.6,0.3 -2.4,0.4 -2.6,-2.2 -1,-0.5 -2.2,-0.9 -0.8,-0.5 -1.3,-1.9 -1.6,-4.4 -1.5,-1.2 -2.4,0.1 -1.6,1.4 -1.3,1.7 -1.6,1.1 -1.5,0.1 -3.2,-0.7 -1.6,-0.1 -1.2,0.4 -2.1,1.6 -0.7,0.4 -1.1,-0.3 -2.4,-1.6 -1.2,-0.2 -2.4,0.6 -7.3,3.7 -1.3,-4.1 -2.6,-3.1 -3,-2.7 -2.3,-2.8 -2.4,-6.1 -1.8,-1.6 -4.2,-0.2 -8.4,1 -2.5,-0.1 -3.9,-0.8 -0.2,-0.5 1.4,-8.2 -1.5,-3.1 -1,-1.1 -1,-1.7 v -0.8 l 0.4,-0.4 0.6,0.2 1,-0.9 8.7,-9.7 1.7,-1.7 4.6,-2.3 0.5,-0.4 1.3,-1.9 1.4,-3.5 2.6,-2.6 5.5,-4.6 6.7,-0.3 1.3,-2.3 -0.1,-1.2 0.6,-2.1 1,-0.8 1.9,-0.8 1.5,-1 0.9,-1.1 2.5,-4.9 -0.6,-5.1 0.3,-2.2 0.5,-0.9 h 0.8 l 1.1,0.4 1.3,0.3 h 1.6 l 2,-0.9 1.9,-1.1 7.2,-5.3 1.6,2.5 2.2,2.3 6.3,1.7 0.2,0.4 1.5,1.5 0.4,0.2 4.9,1 1.7,0.9 3.3,1.2 1.7,0.1 1.3,0.4 7.2,-3 0.7,0.6 2,4.3 0.4,1.3 0.6,3.2 -1.1,1.7 1.3,1.3 -0.5,2.2 -1.5,1.9 -0.8,0.6 -1.4,0.6 -2.5,0.5 -2.4,-0.3 -2.1,1.5 -1.5,0.8 -3.4,1.2 -2,0.5 -2.6,0.4 -3.2,-0.3 -5.9,1.5 -1,-0.4 -1.1,0.3 -0.4,1.1 0.5,3.3 5.5,2.3 2.2,2.7 -0.8,2.6 -0.6,1.5 0.2,0.6 0.6,0.6 2.7,1 1.6,0.4 1.8,0.7 1.8,1 2.8,2.4 1.7,0.9 1.1,1.5 1,1.7 0.1,5.6 4.2,-4.1 2.1,-1.5 z"
     id="La-Paz"
     name="La Paz"
     style="fill:#87aade;fill-opacity:1" />
  <path
     d="m 221.6,280.59999 -0.2,7.3 -5.7,1 -4.8,5.1 -0.9,0.6 -1.8,0.8 -0.8,0.8 -0.4,1.2 -0.1,2.3 1,1.7 1.5,4.2 -2,3.4 -3,1.7 -1.1,0.9 -4.7,-0.5 -5.4,-1 -7.1,0.6 -9.3,1 -12.5,-0.9 3.5,-5.8 0.8,-5 -1,-2 -2,0.3 -2.7,-0.4 -2.3,-1.2 -2.6,-4.4 -0.9,-1.1 4.5,-7.7 -3.3,-2 -4.2,0.1 -2,-2.8 -0.4,-0.4 -1.8,-0.8 -1.4,0.1 -1.8,1.8 -1.6,2.6 -2.5,2.2 -1.3,0.4 -2.9,-3.8 -4.4,-7.2 -3.5,-9.4 -7.5,-1.1 -1.2,0.6 -5.7,1.7 -5.6,1.1 -1,-0.3 -1,-0.7 -0.5,-0.9 -0.7,-1.8 -0.4,-1.5 2.1,-5.4 1.6,-5.7 0.2,-3 1.4,-3.2 3.9,-3.4 0.4,-1.2 v -1.2 l -0.4,-0.9 -1.3,-2 -0.7,-0.9 -1,-4.2 1.9,-2.5 -0.5,-1.3 -1.3,-0.9 -2.6,-1.3 -3.3,-3.5 -2.9,-3.3 0.2,-2.3 0.2,-1.1 -0.1,-1.3 -6.7,-8.4 -0.5,-0.7 13.9,-10.8 27.9,-21.7 5.2,-4.2 h 0.1 l 9.1,-3.2 8.6,1.3 15.1,4.7 2.3,1.3 1.1,0.9 0.2,0.7 -0.2,1.4 0.3,1.5 0.1,0.9 -0.4,1.9 -0.1,1.2 0.2,1 0.3,0.9 0.7,1.1 1.1,1.1 4.7,2.8 2.4,2.1 2.2,1.5 1.6,0.7 3.9,0.8 0.6,0.8 1.1,16.2 3.5,7.1 1.2,1 2.1,1.3 3.2,1 -0.9,2.6 -6.5,7 -0.9,3.2 1.2,2.7 1.9,2.2 4.6,3.1 3.6,1.2 1.1,0.6 1.1,1 1.1,0.4 0.6,1.2 -2,2.2 -2.1,7.5 -0.9,1.4 -1.1,7 0.5,2.7 0.7,0.2 3.5,0.1 5.1,4.6 1.2,3.9 z"
     id="Santa-Bárbara"
     name="Santa Bárbara"
     style="fill:#c78383;fill-opacity:1" />
  <path
     d="m 116.1,265.49999 0.9,5.3 -0.6,4.4 -2.2,1.5 0.3,1.8 -0.3,0.8 -1.2,1.4 -0.8,0.8 -0.7,1.3 -0.4,1.4 -0.3,2.1 0.2,2.5 1.1,1.8 1.6,3.7 0.7,3 0.1,1 -0.2,1 -1.2,0.1 -4.5,1.3 -5.8,0.4 -8,-0.9 -2.4,0.8 -0.3,2.4 0.1,0.7 1.7,4.2 4.9,4.7 1.2,1.8 1.9,3.4 0.5,10 -3.8,0.4 -3.1,-0.5 -1.3,-0.1 -1.5,0.3 -1.5,0.4 -2.7,1 -1.1,0.8 -0.6,1.3 0.1,2.6 0.5,1.1 -0.4,0.3 -1.6,0.5 -2,-0.4 -1.9,-1.7 -2.2,-0.5 -2.9,-1.2 -2.7,-3 -2.2,-3.3 -0.2,-1.3 0.1,-4.3 -1,-2.3 -10.3,-7.8 -1.3,-2.3 -1.2,-5 -2.5,-3.4 -9.6,-1.4 -2.1,0.8 -5.1,1.5 -2.5,0.7 -0.7,-1.1 -1.4,-1.3 -1.8,-2.2 -3,-7.3 -1.5,-2.5 -3.2,-4 -1.4,-2.1 -0.8,-2.3 0.2,-3.1 1.2,-2 4,-3.4 2.8,-4 2,-4.7 v -4.3 l -3.1,-3 2.5,-7.6 1.9,-3 3.2,-2.7 5,-2.5 16.2,-5.4 5.6,-2.7 34,-26.5 0.5,0.7 6.7,8.4 0.1,1.3 -0.2,1.1 -0.2,2.3 2.9,3.3 3.3,3.5 2.6,1.3 1.3,0.9 0.5,1.3 -1.9,2.5 1,4.2 0.7,0.9 1.3,2 0.4,0.9 v 1.2 l -0.4,1.2 -3.9,3.4 -1.4,3.2 -0.2,3 -1.6,5.7 -2.1,5.4 0.4,1.5 0.7,1.8 0.5,0.9 1,0.7 1,0.3 z"
     id="Copán"
     name="Copán"
     style="fill:#87aade;fill-opacity:1" />
  <path
     d="m 164.3,310.79999 1.6,3 1.8,10.4 -3.1,5.8 -1,3.1 -0.3,1.9 -1.7,2.8 -4.4,2.3 -3.7,0.6 -7.3,-0.1 -3.9,1.2 -2.7,1.7 -0.5,1.3 1.1,6.9 3.1,4.3 3.3,2.9 3.5,0.4 0.6,0.6 1,1.4 1.7,8.2 -0.2,3 -1.6,3.4 -0.1,1.2 0.4,0.9 0.7,0.6 2,1 0.9,0.6 1.7,0.8 1.5,-0.1 h 1.8 l 3.4,0.7 2.9,1.7 0.3,1.7 -0.2,0.7 -0.1,2.3 0.2,3.5 1.1,7.3 -0.3,2.3 -1.4,1.4 -0.4,1.8 v 1.3 l -0.5,0.7 -2.7,1 -3.5,3.3 -9,5.2 -5.2,2.4 -2.6,2 -0.6,1.2 -1.8,2.4 -0.3,0.2 0.2,-1 -1.4,-1.4 -1.6,-0.6 -7,-0.6 -12.1,-3.8 -4.1,-0.3 -4.1,0.6 -1,0.4 0.1,-1.2 -0.4,-1.3 -0.7,-1.1 -1.2,-1 -0.7,-0.3 -3.5,-0.5 -2.5,-1.6 0.1,-2.3 1,-2.8 0.1,-2.8 -1.1,-1.8 -1.4,0.1 -1.7,1 -1.9,0.8 -7,-0.6 -2.8,0.5 -1.1,-4.7 -2.4,-4.9 -3.3,-4.3 -4,-2.5 -2.5,-0.1 -2.2,1 -1.9,1.1 -1.6,0.4 -1.4,-1.1 -0.5,-1.7 -0.2,-1.4 0.2,-4.4 -0.3,-5.3 -1.3,-4.1 0.2,-1.2 0.6,-0.9 1.2,-1 0.9,-1.1 1.4,-2.2 1,-1.2 1,-0.7 2.6,-0.3 5.3,-2.5 0.8,-1.4 1,-2.3 0.2,-2.1 0.4,-1.6 0.8,-0.3 h 1.2 l 1.5,1.8 0.9,0.9 1.8,0.8 4.2,-0.1 -2,-2.7 v -1.9 l 0.3,-1.6 0.6,-0.4 1,0.8 3.4,0.4 4.7,-1.5 1.2,-0.7 0.9,-0.8 0.6,-0.7 0.3,-1.9 4.2,-12.3 -0.5,-2.6 -0.4,-0.3 -1.5,-0.6 -0.5,-10 -1.9,-3.4 -1.2,-1.8 -4.9,-4.7 -1.7,-4.2 -0.1,-0.7 0.3,-2.4 2.4,-0.8 8,0.9 5.8,-0.4 4.5,-1.3 1.2,-0.1 0.2,-1 -0.1,-1 -0.7,-3 -1.6,-3.7 -1.1,-1.8 -0.2,-2.5 0.3,-2.1 0.4,-1.4 0.7,-1.3 0.8,-0.8 1.2,-1.4 0.3,-0.8 -0.3,-1.8 2.2,-1.5 0.6,-4.4 -0.9,-5.3 5.7,-1.7 1.2,-0.6 7.5,1.1 3.5,9.4 4.4,7.2 2.9,3.8 1.3,-0.4 2.5,-2.2 1.6,-2.6 1.8,-1.8 1.4,-0.1 1.8,0.8 0.4,0.4 2,2.8 4.2,-0.1 3.3,2 -4.5,7.7 0.9,1.1 2.6,4.4 2.3,1.2 2.7,0.4 2,-0.3 1,2 -0.8,5 z"
     id="Lempira"
     name="Lempira"
     style="fill:#87aade;fill-opacity:1" />
  <path
     d="m 102.4,328.19999 1.5,0.6 0.4,0.3 0.5,2.6 -4.2,12.3 -0.3,1.9 -0.6,0.7 -0.9,0.8 -1.2,0.7 -4.7,1.5 -3.4,-0.4 -1,-0.8 -0.6,0.4 -0.3,1.6 v 1.9 l 2,2.7 -4.2,0.1 -1.8,-0.8 -0.9,-0.9 -1.5,-1.8 H 80 l -0.8,0.3 -0.4,1.6 -0.2,2.1 -1,2.3 -0.8,1.4 -5.3,2.5 -2.6,0.3 -1,0.7 -1,1.2 -1.4,2.2 -0.9,1.1 -1.2,1 -0.6,0.9 -0.2,1.2 1.3,4.1 0.3,5.3 -0.2,4.4 -0.1,-0.7 -0.6,-2.1 -1.4,-2.5 -1.5,-1.7 -4.1,-3.1 -0.7,-1.5 -0.6,-5.1 -1,-2 -2.6,-1.3 -5.5,-0.7 -1.8,-1.5 0.6,-1.7 0.2,-1.6 -0.4,-1.7 -0.8,-1.5 -0.9,-1.2 -0.8,-0.8 -0.9,-0.2 -1.4,0.4 -1.3,1.3 -2.3,4.5 -1.5,1.4 -7.4,-2.2 -4.1,-2.9 -8.1,-1.7 -5.0000003,-2.4 -8.7,-1.4 -0.30000003,-5.1 0.30000003,-2.7 1,-2.1 1.7,-1.1 3.5,-0.9 1.3,-1.4 1.6000003,-2.9 2.3,-2.4 5,-4.4 1.4,-1.8 0.8,-1.3 1.2,-0.8 2.7,-0.3 2,0.3 4,1.4 1.9,-0.1 1.9,-1.8 0.7,-2.8 0.1,-2.9 -0.7,-8.4 0.6,-1 1.7,-1.9 0.4,-1.3 -0.3,-2.8 -0.3,-0.4 2.5,-0.7 5.1,-1.5 2.1,-0.8 9.6,1.4 2.5,3.4 1.2,5 1.3,2.3 10.3,7.8 1,2.3 -0.1,4.3 0.2,1.3 2.2,3.3 2.7,3 2.9,1.2 2.2,0.5 1.9,1.7 2,0.4 1.6,-0.5 0.4,-0.3 -0.5,-1.1 -0.1,-2.6 0.6,-1.3 1.1,-0.8 2.7,-1 1.5,-0.4 1.5,-0.3 1.3,0.1 3.1,0.5 z"
     id="Ocotepeque"
     name="Ocotepeque"
     style="fill:#87aade" />
  <path
     d="m 345.2,473.19999 -1.6,7 1.1,2.1 1.7,0.6 1.4,1.5 1,0.9 1.2,5.2 2.2,1.3 7.4,0.4 1.3,1.1 0.1,1.5 1.4,3.2 2.8,2.2 2,0.2 1.1,-0.3 4.9,-2.9 3.6,-4.2 0.4,-2.4 0.6,-1.4 1.7,-1.6 2.4,-0.8 1.3,-0.8 1.7,-1.4 2.6,-2.8 1.2,-1.7 0.7,-1.6 0.5,-3 0.3,-0.6 1.9,0.7 4.7,-0.4 0.7,1.2 6.2,-4.1 1.3,-0.5 2.7,-0.2 h 1.2 l 1.1,-0.2 1.3,-2 1.1,-1 1.3,-0.2 2.4,-1.1 -0.5,8.8 0.3,1.5 0.7,0.9 2,1.5 0.6,1.1 0.1,2.6 -1,5.3 0.1,2.8 5.2,19.8 -0.3,2.5 -2,4.6 -0.2,2.3 0.6,1.7 0.9,0.5 1.1,0.2 1,1 1.2,2.1 0.3,1 1,4.7 -0.4,2.5 -1.2,2.2 -2.2,2 -2.3,1.6 -1.5,0.4 -1.5,-0.5 -9.2,-4.5 -2.8,-0.3 -2.5,0.8 -2.2,1.4 -7.7,6.7 -1.2,1.6 -1.2,2.2 -1.1,4.6 -0.3,0.5 0.3,0.9 1.2,2.7 0.3,0.4 -1.4,8.6 0.4,1.1 0.9,0.4 0.6,0.6 -0.4,1.6 -0.8,0.8 -2.4,1.2 -0.9,0.7 -3.7,5.9 -1.8,2 -4.1,2.6 -3.4,1.6 -0.9,2.7 -1.8,-0.1 -3.7,-2.3 -2.4,-0.3 -36.7,2.4 1.6,-1.1 0.5,-2.1 1.2,-1.6 1.7,-1.2 2.2,-0.8 v -1.1 l -4.5,-0.1 -3.1,-0.6 -2.5,-1.4 -2.1,-2.4 -1,-1.7 -0.2,-0.9 0.3,-2.6 1,-0.3 4.9,-0.8 1.6,-0.5 -9.3,-2.5 -5.2,-0.5 -3,0.9 h -1 l -0.4,-6.4 -2.2,-6.5 -3.1,-5.7 -3.1,-4.1 -1,-2.6 -0.6,-0.8 -2,0.2 -0.8,-0.2 -1.1,-1.5 -0.6,-1.3 0.3,-1.3 1.4,-1.6 1.4,-0.9 2.6,-1.2 1.5,-1.3 3.2,-4.5 1.1,-1.1 2.2,0.5 2.5,-0.6 5.2,-2 -0.2,-1.4 v -1 l 0.2,-1.1 3.2,-2.5 1.8,-4.1 -0.3,-3.3 -1.8,-3.5 -0.9,-2.5 -0.2,-1.5 0.5,-3.4 -5.7,-4.3 -2.3,-5 -0.2,-1.1 -0.7,-1.3 -0.7,-1.3 0.4,-6.5 -0.7,-1.1 -1.1,-0.8 -1.3,-0.7 -2.9,-2.4 -0.3,-0.3 -0.6,-2.2 -0.1,-2.4 0.9,-3.6 0.4,-4.3 0.5,-1.8 1.8,-0.6 3.1,-0.1 3.7,1 1.6,-0.2 0.6,0.2 -0.1,0.6 -1.2,2.8 0.4,2.2 5.2,5.1 6.5,-0.8 1.9,1 1.6,0.7 5.5,-0.7 z"
     id="Choluteca"
     name="Choluteca"
     style="fill:#87aade" />
  <path
     d="m 609.5,411.99999 -1.4,0.3 -3.5,1.1 -1.5,2.3 -1.5,1.6 -5.7,1.8 0.6,1.7 -1.2,0.3 0.1,0.8 h -1 l -1.4,-0.4 -3.2,2.8 -2.1,1 -2.8,-0.2 -1.7,-0.4 -0.8,0.9 -0.1,3.6 -1.6,5 -0.7,3.2 0.6,1.4 2.4,0.8 0.9,1.9 -0.3,2.5 -1.3,2.7 -1.5,1.3 -0.4,-0.1 -2.1,-2.4 -3.3,-0.3 -3.7,0.1 -3.6,-1.2 -2.5,-3.1 -1.6,-3.4 -1.9,-2.9 -3.5,-1.5 -2.2,0.1 -1.4,0.6 -1.5,0.3 -2.2,-0.7 -1.1,-1.1 -3.5,-4.6 -11.3,-8.2 -0.4,-4.4 1.7,-3.5 v -1.9 l -12.2,1.9 -2.2,1.1 -1.8,1.7 -0.9,1.4 -0.6,1.6 -1.1,2.1 -1.9,1.9 -1.9,1.1 -1.9,0.7 -1.7,1.1 -5.5,8.7 -10.5,11.3 -2.6,4 -1.2,4.9 -0.9,2.5 -1.9,2.1 -2.4,1.2 -2.9,0.7 -8.3,0.6 -1.1,-0.2 -1.5,-0.5 -1,-0.7 -2.5,-2.6 -2.3,0.3 -2.2,1.2 -2.3,0.7 -2.9,-0.8 -5.3,-2.9 -6.3,0.4 -13,2.5 -7,-0.9 -3.4,0.3 -3.6,1.8 -1.8,1.3 -0.8,0.7 -0.3,1 -0.4,2.3 -0.1,2.8 -2.4,1.1 -1.3,0.2 -1.1,1 -1.3,2 -1.1,0.2 h -1.2 l -2.7,0.2 -1.3,0.5 -6.2,4.1 -0.7,-1.2 -4.7,0.4 -1.9,-0.7 -0.3,0.6 -0.5,3 -0.7,1.6 -1.2,1.7 -2.6,2.8 -1.7,1.4 -1.3,0.8 -2.4,0.8 -1.7,1.6 -0.6,1.4 -0.4,2.4 -3.6,4.2 -4.9,2.9 -1.1,0.3 -2,-0.2 -2.8,-2.2 -1.4,-3.2 -0.1,-1.5 -1.3,-1.1 -7.4,-0.4 -2.2,-1.3 -1.2,-5.2 -1,-0.9 -1.4,-1.5 -1.7,-0.6 -1.1,-2.1 1.6,-7 5,-1.7 7.7,3.4 0.7,0.1 0.5,-3.5 1.2,-2.7 1.3,-1.7 0.1,-2.6 -1.9,-3.4 -0.9,-1.3 -0.5,-1.7 -0.1,-2.3 0.1,-2.4 0.3,-1.2 0.2,-0.7 1.1,-1.3 2.4,1.2 3.6,3.2 1.3,0.7 4,0.7 h 2.5 l 0.8,-0.6 2.6,-3.5 3,-7.5 0.7,-7.6 -0.2,-3.3 0.4,-2.1 0.8,-1.6 0.1,-1.4 -0.2,-1.2 -0.6,-2.4 5.5,1 2.6,-1.4 1.9,-2 1.7,-3.3 0.6,-6.6 -0.3,-1.8 -0.5,-1 -1.2,-0.7 -4.4,-3.3 -4.2,-5.7 -0.9,-3 3.4,-1.3 h 2.2 l 2.6,0.5 3.3,-0.5 1.7,-3.3 -0.2,-0.7 -0.6,-0.8 -0.9,-0.5 -1.3,-0.3 -0.2,-0.6 0.3,-0.9 1.7,-2.5 2,-5.1 7.8,-6.9 3,-5.5 1.2,-5.5 5.3,-5 11.9,-9.2 6.9,2.9 0.9,0.1 1.6,-0.1 1,-0.5 1.7,-0.3 0.6,0.1 0.7,0.4 1.6,1.9 0.8,1.7 0.6,0.7 0.7,0.2 1.2,-0.2 3.4,0.3 8.9,2.6 3.3,3.2 0.6,0.4 3.7,1 3,2.3 0.7,0.8 0.8,1.1 0.9,2.3 0.7,0.6 1.5,0.5 11.8,0.7 1.9,-0.2 1.1,-0.5 3.6,-2.3 1.6,-1.4 0.7,-0.6 1.9,-0.7 1.7,-1.1 2.3,-1.2 3.1,-0.8 1.6,-0.3 4.2,0.1 2,0.4 1.5,0.8 1.4,1.7 4.3,7.8 1.1,1.2 4.5,1.7 4.1,1 1.3,-0.1 0.7,-0.7 0.5,-1.3 1,-1 1.4,-0.2 2.8,0.6 1.7,0.9 1.7,1.5 2,3.3 0.9,2.2 0.6,2.2 0.3,1.5 0.8,1.3 1.2,1.1 6.2,2.8 3.1,4.2 1.9,1.5 1.1,0.3 2.2,-0.1 1.1,-0.4 0.8,-0.7 0.5,-0.7 0.2,-0.7 0.1,-1.7 0.7,-1.4 0.5,-0.5 1.7,-0.7 2,-1.5 1.3,-0.2 1.6,0.3 2.1,1.5 1.6,0.8 2.1,0.4 1,-0.3 0.7,-0.6 1.9,-3.8 0.7,-0.7 1,-0.2 7.6,1.7 6.1,1.9 1.1,0.1 0.5,-0.2 0.3,-1.2 0.7,-0.2 1.4,0.4 2.5,2.2 1.6,1.8 0.9,2 0.7,3.5 v 1.9 l 0.3,1.6 0.6,1.3 1.6,1.3 1.3,0.7 1.2,0.9 0.7,0.8 z"
     id="El-Paraíso"
     name="El Paraíso"
     style="fill:#87aade;fill-opacity:1" />
</svg>
