<?xml version="1.0" encoding="UTF-8" standalone="no"?>
<svg
   xmlns:dc="http://purl.org/dc/elements/1.1/"
   xmlns:cc="http://creativecommons.org/ns#"
   xmlns:rdf="http://www.w3.org/1999/02/22-rdf-syntax-ns#"
   xmlns:svg="http://www.w3.org/2000/svg"
   xmlns="http://www.w3.org/2000/svg"
   xmlns:sodipodi="http://sodipodi.sourceforge.net/DTD/sodipodi-0.dtd"
   xmlns:inkscape="http://www.inkscape.org/namespaces/inkscape"
   width="244.21001mm"
   height="555.625mm"
   viewBox="0 0 244.21001 555.625"
   version="1.1"
   id="svg8"
   inkscape:version="1.0.2 (e86c8708, 2021-01-15)"
   sodipodi:docname="Winning_party_by_sub-district_in_the_2021_Israeli_legislative_election.svg">
  <defs
     id="defs2" />
  <sodipodi:namedview
     id="base"
     pagecolor="#ffffff"
     bordercolor="#666666"
     borderopacity="1.0"
     inkscape:pageopacity="0.0"
     inkscape:pageshadow="2"
     inkscape:zoom="0.27511207"
     inkscape:cx="437.87212"
     inkscape:cy="1005.8654"
     inkscape:document-units="mm"
     inkscape:current-layer="layer2"
     showgrid="false"
     inkscape:window-width="958"
     inkscape:window-height="681"
     inkscape:window-x="348"
     inkscape:window-y="25"
     inkscape:window-maximized="0"
     inkscape:document-rotation="0" />
  <metadata
     id="metadata5">
    <rdf:RDF>
      <cc:Work
         rdf:about="">
        <dc:format>image/svg+xml</dc:format>
        <dc:type
           rdf:resource="http://purl.org/dc/dcmitype/StillImage" />
        <dc:title />
      </cc:Work>
    </rdf:RDF>
  </metadata>
  <g
     inkscape:groupmode="layer"
     id="layer2"
     inkscape:label="Layer 2"
     style="display:inline">
    <path
       style="opacity:1;vector-effect:none;fill:#1f5aa5;fill-opacity:1;stroke:none;stroke-width:7.55906;stroke-linecap:butt;stroke-linejoin:miter;stroke-miterlimit:4;stroke-dasharray:none;stroke-dashoffset:0;stroke-opacity:1"
       d="m 381.14258,1086.4043 -9.42774,-2.4395 -16.19531,-15.3027 -18.29297,-6.9473 -6.54101,-11.2421 -11.44922,0.9668 3.71484,13.08 -25.30664,-4.5761 -7.73633,-0.6504 5.08008,-18.6387 -3.01953,-1.291 -9.52344,11.7226 -11.87695,-7.3828 -2.90039,12.8145 -22.56055,4.164 -4.38476,-8.7773 -6.21485,-2.1113 -5.41797,4.2675 1.97852,5.5508 -10.27539,4.7461 -24.75977,-3.8965 -1.02343,-1.3222 -7.1211,8.2324 -27.27344,26.5176 -3.2832,6.0605 -6.56641,8.334 5.8086,34.5977 -12.12305,7.3222 -8.58594,15.6582 -13.38476,3.7891 -14.14063,13.8887 57.83008,185.8671 45.20508,100.2579 7.82812,41.9218 -1.00976,34.3457 17.67773,19.4454 -6.06054,25.7578 v 16.6679 l 30.30468,22.9805 105.56055,318.1992 5.30274,42.1738 9.34375,19.6973 -1.51563,19.6992 -3.78711,9.0899 5.55469,24.75 12.46094,26.3222 11.25,-13.2148 12.85742,-16.0723 11.42969,3.9297 -2.5,-18.3926 19.10546,-33.2148 0.71485,-25.5352 0.89258,-23.2148 4.46484,-7.1426 20.35742,-55.8926 -0.71484,-18.5722 0.35742,-32.3203 16.25,-47.8575 22.85742,-29.6425 5.53516,-15.1797 -9.28516,-49.4649 -4.82226,-9.4629 10.17968,-27.3222 -1.07226,-7.8574 10.89258,-18.0352 -2.14258,-22.6777 -13.92774,-23.2149 16.25,-33.3926 6.60743,-28.2148 1.25,-23.9277 30.35546,-49.1075 10.71485,-28.2148 3.92969,-25.8926 17.14257,-18.5722 -3.39257,-25.5352 18.75,-29.2852 16.25,-7.8574 8.21289,-57.5 10,-24.8222 2.5,-28.5704 -25.53516,-40.5371 1.48438,-20.3906 c 7.49604,-39.2646 15.81675,-77.0141 24.03906,-111.5898 l -26.92578,0.2187 -74.08399,61.291 -41.25,8.7325 -57.23242,-1.6016 -39.95898,9.9883 -15.51563,-10.7774 -10.67383,-22.5742 z"
       id="Beersheba"
       transform="scale(0.26458333)"
       inkscape:connector-curvature="0" />
    <path
       style="opacity:1;vector-effect:none;fill:#1f5aa5;fill-opacity:1;stroke:none;stroke-width:7.55906;stroke-linecap:butt;stroke-linejoin:miter;stroke-miterlimit:4;stroke-dasharray:none;stroke-dashoffset:0;stroke-opacity:1"
       d="m 292.45703,840.42773 -26.38476,56.35743 c -18.30445,33.14951 -35.97867,61.37479 -56.42969,90.35742 l 33.92969,27.14262 -7.38672,15.332 -16.60352,7.0078 -15.53125,12.0586 -5.03711,5.8242 0.30469,0.3945 20.60937,3.2403 3.64844,-1.6836 -1.58789,-4.4434 11.36133,-8.9551 11.64062,3.9571 3.46875,6.9472 14.23243,-2.6289 3.88281,-17.1777 14.55078,9.043 9.04883,-11.1387 11.98242,5.1367 -4.5625,16.7207 0.83398,0.066 16.1211,2.9239 -3.07031,-10.8438 22.47851,-1.8906 7.38867,12.6816 17.42188,6.6211 15.94531,15.0606 8.83594,2.289 3.83789,-8.8965 22.35937,-39.8183 -1.0625,-29.6524 6.6875,-17.48043 -8.01562,-3.75781 -31.83203,-22.82422 -0.38282,-39.00586 1.17383,-9.66992 -10.12109,-2.82813 -8.18555,-13.39062 -17.63672,13.04297 -11.98047,-25.98243 -7.44726,-2.08203 -2.19336,0.84766 2.50977,8.93359 -15.50977,11.00586 -20.29297,-6.66601 11.02149,-16.43164 -7.53711,-10.39454 15.23632,-2.76757 3.92774,-4.78321 2.42187,-13.28125 z"
       id="Ashkelon"
       transform="scale(0.26458333)"
       inkscape:connector-curvature="0" />
    <path
       style="opacity:1;vector-effect:none;fill:#1f5aa5;fill-opacity:1;stroke:none;stroke-width:7.55906;stroke-linecap:butt;stroke-linejoin:miter;stroke-miterlimit:4;stroke-dasharray:none;stroke-dashoffset:0;stroke-opacity:1"
       d="m 538,493.30273 -44.44727,34.46485 -17.2207,8.14258 -7.16211,27.93359 -5.6914,11.81055 5.17578,5.69922 -8.92578,16.12109 -7.625,2.92383 -3.38086,24.94336 9.74414,9.74414 -6.35547,18.73633 -27.32031,23.04492 5.89062,12.16601 9.68555,8.26758 -3.21875,28.44141 8.14844,40.49023 -6.72461,25.38672 6.81445,18.31445 12.62305,3.94141 2.8789,16.00391 -2.86523,21.6289 5.55273,-4.85742 13.81055,2.41406 6.69531,7.81055 20.31445,13.30859 h 12.40235 l -1.82422,-9.40429 15.16406,3.78711 1.91016,-4.79102 -5.03321,-12.71875 1.20313,-12.88086 13.2207,-1.20312 4.79102,21.54687 12.91015,2.96094 -0.56835,29.16601 2.11914,23.06055 -12.0918,22.64063 -30.77539,-6.83594 -15.69336,-4.73242 -6.71094,8.33398 -7.16015,0.24414 -8.57813,12.0625 -33.875,21.03906 -9.41797,7.53711 -11.91406,16.37891 -6.73242,17.5918 1.08398,30.3477 -23.35547,41.6113 -6.96093,16.1289 7.90429,16.7207 10.1875,7.0781 37.18946,-9.3008 57.41015,1.6094 38.03125,-8.0469 74.8457,-61.9257 32.3379,-0.2598 c 17.29799,-71.61222 33.74137,-126.53707 40.36914,-140.33986 l -7.45704,-58.00781 -8.83984,-26.64258 7.19727,-2.52539 -1.51563,-35.98633 -7.57422,-26.89648 10.85742,-20.32813 0.12696,-28.1582 9.2168,-28.66406 -1.51368,-21.9707 2.01953,-22.22266 -5.17773,-25.50586 2.69922,-24.93555 -8.0957,-0.67382 -37.38282,-11.40625 -8.76172,5.51367 -14.74218,-21.77539 3.89062,-13.21289 -3.49219,-6.97657 -2.82031,-12.17382 -22.7793,-7.30664 -10.48242,4.28906 -17.03711,-0.56836 -17.23047,-8.0625 z m -96.5918,361.49805 -5.10156,6.03906 0.10352,0.0801 12.46875,-1.41015 4.63476,-4.0586 z"
       id="Judea-and-Samaria"
       inkscape:connector-curvature="0"
       transform="scale(0.26458333)" />
    <path
       style="opacity:1;vector-effect:none;fill:#123262;fill-opacity:1;stroke:none;stroke-width:7.55906;stroke-linecap:butt;stroke-linejoin:miter;stroke-miterlimit:4;stroke-dasharray:none;stroke-dashoffset:0;stroke-opacity:1"
       d="m 426.67773,858.29883 -11.0625,-0.75977 -10.91796,5.6543 0.82031,13.0957 -36.00977,7.36719 -4.55078,3.96094 7.06836,11.5625 14.1582,3.95703 -2.03711,16.75781 0.33204,33.85352 27.45312,19.67187 8.07813,3.78906 9.80859,-13.48046 10.78516,-8.63086 32.79687,-20.37305 10.10547,-14.20313 7.48633,-0.25781 7.93554,-9.84765 21.17774,6.37695 23.77734,5.28711 7.60352,-14.23242 -1.91992,-20.87696 0.43554,-22.35156 -9.33789,-2.14062 -5.08594,12.72656 -9.08007,-2.26758 1.20312,6.24609 h -25.99023 l -23.62305,-15.48047 -5.43359,-6.32617 -6.38477,-1.12109 -13.58203,11.88476 -18.85352,2.125 -10.5039,-8.00195 z"
       id="Jerusalem"
       transform="scale(0.26458333)"
       inkscape:connector-curvature="0" />
    <path
       style="opacity:1;vector-effect:none;fill:#163a9d;fill-opacity:1;stroke:none;stroke-width:7.55906;stroke-linecap:butt;stroke-linejoin:miter;stroke-miterlimit:4;stroke-dasharray:none;stroke-dashoffset:0;stroke-opacity:1"
       d="m 320.44141,767.94922 12.02343,5.8418 12.66797,2.54101 5.83985,-6.35742 9.68359,-14.01758 14.41797,6.19336 1.9043,-1.46094 -2.17774,-16.09961 -7.78125,-0.18554 -1.57812,-14.70508 4.08789,-16.77734 4.85156,-2.29688 -3.75781,-12.32812 3.32226,-9.50782 -15.50195,-11.48633 -4.11914,-0.14648 -2.31641,-0.62891 c -6.23633,22.58425 -12.90792,45.27448 -20.22265,68.11524 l -5.71289,3.92969 z"
       id="Tel-Aviv"
       transform="scale(0.26458333)"
       inkscape:connector-curvature="0" />
    <path
       style="opacity:1;vector-effect:none;fill:#1f5aa5;fill-opacity:1;stroke:none;stroke-width:7.55906;stroke-linecap:butt;stroke-linejoin:miter;stroke-miterlimit:4;stroke-dasharray:none;stroke-dashoffset:0;stroke-opacity:1"
       d="m 376.78125,872.98242 -0.12109,-4.54687 -10.12696,1.89648 5.96485,-14.04101 -2.97461,-6.51758 -5.98047,-2.27344 -0.92969,-17.5918 2.99024,-3.32031 -13.59766,-8.52734 2.36914,-12.87305 7.27148,-4.67969 3.05664,-9.16211 -7.61914,-14.71679 -8.74804,9.52734 -18.77149,-3.77148 -11.66992,-5.66602 -7.17969,24.70898 -14.37109,30.69727 24.55469,6.14062 -4.36328,23.86524 -7.5,9.14648 -4.40625,0.80469 2.82031,3.89063 -7.90625,11.78125 4.70117,1.54882 6.63672,-4.70898 -3.01953,-10.71094 12.62305,-4.86523 14.33593,3.99414 9.09375,19.7168 11.50391,-8.50391 0.0488,-0.27344 9.91406,-8.63672 z"
       id="Rehovot"
       transform="scale(0.26458333)"
       inkscape:connector-curvature="0" />
    <path
       style="opacity:1;vector-effect:none;fill:#1f5aa5;fill-opacity:1;stroke:none;stroke-width:7.55906;stroke-linecap:butt;stroke-linejoin:miter;stroke-miterlimit:4;stroke-dasharray:none;stroke-dashoffset:0;stroke-opacity:1"
       d="m 435.73828,767.17578 -13.24414,0.23828 -1.84375,6.48047 -9.98047,3.18164 -2.00781,-4.29492 -11.40625,0.89258 -15.66406,-5.18164 -5.23438,4 -12.48242,-5.35938 -2.83008,4.09766 10.1543,19.61328 -4.52539,13.56836 -6.87305,4.41406 -1.1582,6.31836 16.19531,10.1582 -6.10547,6.77735 0.5918,11.20508 4.62695,1.75586 5.10156,11.1621 -2.61328,6.16407 6.03125,-1.12891 0.2793,10.52344 13.29492,-2.7207 -0.70117,-11.14649 18.375,-9.50195 20.15625,1.38281 3.54688,-4.20117 12.2246,0.65625 2.14063,-16.13672 -1.66992,-9.25 -11.625,-3.63867 -9.34571,-25.1211 z"
       id="Ramla"
       transform="scale(0.26458333)"
       inkscape:connector-curvature="0" />
    <path
       style="opacity:1;vector-effect:none;fill:#1f5aa5;fill-opacity:1;stroke:none;stroke-width:7.55906;stroke-linecap:butt;stroke-linejoin:miter;stroke-miterlimit:4;stroke-dasharray:none;stroke-dashoffset:0;stroke-opacity:1"
       d="m 442.75,649.94727 -7.9707,2.18359 -2.44922,6.60156 z m -32.44922,9.25585 -8.42969,6.36329 -9.10937,-3.72852 0.10351,3.96484 -9.60546,6.85743 -11.25586,-0.16993 -1.35547,2.6543 13.97656,10.35156 -4.53125,12.99219 5.16797,16.95703 -8.00195,3.7793 -2.70313,11.08008 0.56836,5.28515 7.57422,0.17774 3.78125,28.02539 11.50586,3.80469 14.35156,-1.1211 1.53516,3.27735 1.89062,-0.59766 2.1836,-7.66211 17.15429,-0.31055 -7.05468,-35.04882 2.84179,-25.0918 -7.48633,-6.38477 -9.76562,-20.16015 12.98633,-10.95117 -5.84766,2.52734 z"
       id="Petah-Tikva"
       transform="scale(0.26458333)"
       inkscape:connector-curvature="0" />
    <path
       style="opacity:1;vector-effect:none;fill:#1f5aa5;fill-opacity:1;stroke:none;stroke-width:7.55906;stroke-linecap:butt;stroke-linejoin:miter;stroke-miterlimit:4;stroke-dasharray:none;stroke-dashoffset:0;stroke-opacity:1"
       d="m 380.04688,564.12695 c -7.861,34.38543 -16.23727,68.92079 -25.67774,103.71875 l 1.3125,0.35547 5.875,0.20703 4.20508,3.11524 2.5957,-5.08594 13.02149,0.19141 5.40234,-3.86133 -0.25781,-9.96485 14.46094,5.91993 9.07226,-6.85743 11.30859,7.41797 5.19727,-2.24414 3.66211,-9.88281 16.14453,-4.42187 1.77734,-5.24219 -8.94531,-8.93946 4.70117,-34.6582 9.54493,-3.64648 4.20703,-7.60938 -1.41211,-1.55469 -3.39258,0.70508 -16.04102,-2.48047 -1.09961,-6.60742 -8.57031,-5.52929 -21.36328,-3.0254 -2.74609,4.21485 -22.47852,-4.12695 z"
       id="HaSharon"
       transform="scale(0.26458333)"
       inkscape:connector-curvature="0" />
    <path
       style="opacity:1;vector-effect:none;fill:#1f5aa5;fill-opacity:1;stroke:none;stroke-width:7.55906;stroke-linecap:butt;stroke-linejoin:miter;stroke-miterlimit:4;stroke-dasharray:none;stroke-dashoffset:0;stroke-opacity:1"
       d="m 462.64844,443.3418 -0.97852,-0.55469 -5.76367,-7.96484 -4.13477,-11.07227 -11.29492,-4.31055 3.15235,-8.86523 -5.91211,-5.09375 v -11.2207 l 7.33008,-1.26954 -3.88282,-6.08984 -17.0957,9.93555 -0.88672,-15.6875 -5.39453,-2.26367 c -4.34537,23.82417 -8.54693,45.93931 -14.75195,68.97265 l -0.89258,15.53516 c -6.55803,30.57138 -13.21296,61.21477 -20.16602,91.94336 l 0.33203,0.0703 16.45313,3.01953 2.60547,-3.99414 28.99023,4.11133 13.57422,8.75586 0.6875,4.11133 7.99414,1.24023 2.57813,-0.53711 5.48242,-11.37109 7.98828,-31.15821 20.16016,-9.52929 38.27148,-29.6836 -9.85937,-7.83984 -13.98829,14.94922 -26.79687,3.34375 -7.87695,-8.70313 -17.39844,-9.93554 6.03906,-6.57032 -9.52344,-19.11914 12.9336,-7.75781 z"
       id="Hadera"
       transform="scale(0.26458333)"
       inkscape:connector-curvature="0" />
    <path
       style="opacity:1;vector-effect:none;fill:#1f5aa5;fill-opacity:1;stroke:none;stroke-width:7.55906;stroke-linecap:butt;stroke-linejoin:miter;stroke-miterlimit:4;stroke-dasharray:none;stroke-dashoffset:0;stroke-opacity:1"
       d="m 473.26367,315.00977 -0.9414,6.59765 -27.14454,28.92774 L 433.75,338.39258 420.53516,341.96484 419.46484,370 c -0.17946,0.9916 -0.36077,1.86764 -0.53906,2.85156 l 10.03516,4.21485 0.54687,9.66992 13.61914,-7.91992 11.82617,18.55078 -11.24218,1.9414 v 3.42579 l 6.94531,5.97851 -2.56055,7.21289 8.34961,3.18164 4.79688,12.85938 4.51758,6.24414 0.44921,0.2539 23.05469,-18.8125 -4.40625,-11.39648 8.14258,-5.42578 11.72852,-35.50781 -6.54688,-11.02735 1.17383,-8.26172 -18.7793,-8.69531 -0.39258,-14.30664 z"
       id="Haifa"
       transform="scale(0.26458333)"
       inkscape:connector-curvature="0" />
    <path
       style="opacity:1;vector-effect:none;fill:#01b2ac;fill-opacity:1;stroke:none;stroke-width:7.55906;stroke-linecap:butt;stroke-linejoin:miter;stroke-miterlimit:4;stroke-dasharray:none;stroke-dashoffset:0;stroke-opacity:1"
       d="m 695.81055,463.74219 -6.03907,-0.92774 -9.97265,2.15625 -32.19336,-19.58398 -3.875,-9.94336 -30.59766,-9.28711 6.96094,-11.41992 -16.95703,-13.71485 4.47461,-9.56054 -0.79688,-23.45899 6.34766,-3.04101 -0.19141,-11.375 -1.3164,-0.63086 -10.03125,-2.17578 -29.95508,13.48047 -28.64844,0.73046 -15.56055,21.95313 -14.01562,-17.30664 -12.86914,38.95898 -4.71875,3.14453 4.16406,10.75391 -28.73047,23.4375 -3.34375,8.9043 -8.48828,5.09179 8.57617,17.22266 -2.58984,2.8125 8.84375,5.05664 5.69141,6.29688 18.91992,-2.36133 17.44336,-18.63281 18.06836,14.37304 4.4082,-3.41797 14.35742,14.66016 14.08594,6.58398 13.26562,0.44336 11.74414,-4.79882 30.75977,9.86328 3.73633,16.11523 4.59765,9.18164 -3.6914,12.55078 7.48633,11.04883 4.87109,-3.07031 40.40234,12.32812 6.92969,0.57618 0.31445,-18.54493 7.14454,-15.35742 -0.17969,-19.10742 -6.25,-8.75 6.78711,-21.96484 z"
       id="Jezreel"
       transform="scale(0.26458333)"
       inkscape:connector-curvature="0" />
    <path
       style="opacity:1;vector-effect:none;fill:#1f5aa5;fill-opacity:1;stroke:none;stroke-width:7.55906;stroke-linecap:butt;stroke-linejoin:miter;stroke-miterlimit:4;stroke-dasharray:none;stroke-dashoffset:0;stroke-opacity:1"
       d="m 716.27539,280.89453 -5.70898,1.71289 -3.80274,13.67969 -20.8457,5.72851 4.75391,8.11329 -30.17774,2.17578 -13.9668,-7.47657 -16.59375,3.26954 -15.56836,-7.48633 -3.35937,0.77734 3.64648,14.58594 -0.25,17.11914 6.32618,21.82813 -1.73829,-0.37696 0.23243,14.1582 -6.27539,3.01172 0.70898,20.98633 -3.0918,6.60742 17.38282,14.0625 -5.66211,9.29297 25.9707,7.88477 4.19922,10.76172 28.42187,17.28906 8.70899,-1.88281 4.85351,0.74609 L 690,445.89258 l 18.57227,-14.10742 10.78125,-13.14258 -0.88086,-2.69531 3.91992,-13.52344 8.16406,-33.41797 -2.07422,-11.79688 -4.48828,-8.44336 1.51367,-17.15624 -8.58593,-15.73829 -7.01954,-10.23047 6.08985,-11.08203 z"
       id="Kinneret"
       transform="scale(0.26458333)"
       inkscape:connector-curvature="0" />
    <path
       style="opacity:1;vector-effect:none;fill:#01b2ac;fill-opacity:1;stroke:none;stroke-width:7.55906;stroke-linecap:butt;stroke-linejoin:miter;stroke-miterlimit:4;stroke-dasharray:none;stroke-dashoffset:0;stroke-opacity:1"
       d="m 579.46484,196.42773 -36.25,4.82227 -8.39257,-3.21484 -6.25,8.03711 -22.67969,-3.92969 h -18.75 L 487.5,218.21484 476.42773,256.07227 470,293.39258 l 6.25,0.71484 -1.42578,9.98633 1.92773,0.12891 12.34961,17.89257 0.31836,11.39844 19.79688,9.16797 -1.68164,11.74414 5.13086,8.63672 3.43164,0.31836 11.04296,13.64258 12.71876,-17.95313 30.45117,-0.77539 30.64843,-13.79687 11.19922,2.42773 -3.77343,-13.02734 0.25976,-17.23047 -4.93945,-19.75391 12.62695,-2.92187 11.88867,-21.68946 -11.16211,-22.75781 -20.54297,-0.85547 8.51172,-22.58203 -1.02343,-6.45312 -7.21875,0.52343 z"
       id="Acre"
       transform="scale(0.26458333)"
       inkscape:connector-curvature="0" />
    <path
       style="opacity:1;vector-effect:none;fill:#1f5aa5;fill-opacity:1;stroke:none;stroke-width:7.55906;stroke-linecap:butt;stroke-linejoin:miter;stroke-miterlimit:4;stroke-dasharray:none;stroke-dashoffset:0;stroke-opacity:1"
       d="M 691.78516,97.322266 681.42773,116.25 l -4.64257,23.39258 -3.21289,36.60742 -3.21485,11.78516 -8.39258,1.60742 -1.78711,11.96484 -23.92773,1.42774 -7.5,14.82226 -18.74023,1.36133 1.18945,7.51563 -6.14258,16.29882 15.82031,0.66602 14.09766,28.75976 -13.61914,24.85352 9.38281,4.51172 16.73438,-3.30078 14.32031,7.67773 18.82422,-1.35937 -3.83789,-6.53907 25.11328,-6.89453 3.7793,-13.59765 10.73437,-3.21875 0.58203,-28.125 1.29883,-15.33203 4.57617,-14.48438 5.33789,-35.35156 6.38477,-12.51953 -3.52735,-32.52344 6.11914,-13.08203 -7.81054,-1.875 -5.91992,3.78711 -11.45704,0.50195 -3.20703,-7.43555 -9.85547,-8.33007 z"
       id="Safed"
       transform="scale(0.26458333)"
       inkscape:connector-curvature="0" />
    <path
       style="opacity:1;vector-effect:none;fill:#1f5aa5;fill-opacity:1;stroke:none;stroke-width:7.55906;stroke-linecap:butt;stroke-linejoin:miter;stroke-miterlimit:4;stroke-dasharray:none;stroke-dashoffset:0;stroke-opacity:1"
       d="m 783.57227,74.285156 -26.25,4.642578 -4.82227,11.964844 -21.25,15.892582 -17.5,-1.07032 0.0957,9.01172 2.01953,4.6836 5.70704,-0.25196 6.71093,-4.29687 17.44336,4.19336 -8.52734,18.22656 3.54297,32.62695 -6.75391,13.24414 -5.26367,34.85743 -4.51758,14.29882 -1.22461,14.47461 -1.01953,49.37891 -5.02734,9.13086 5.10937,7.44141 9.5957,17.59765 -1.51953,17.18555 4.10352,7.7207 2.4668,13.9668 -8.50391,34.76953 -3.44141,11.86133 0.0547,0.16601 12.52149,0.42578 2.85742,-12.14257 30.89258,-13.39258 40,-52.5 4.28515,-23.03516 7.5,-20.71484 12.5,-14.28516 -9.46484,-22.14258 -10.35742,-61.78711 -13.39258,-5.89257 -0.71289,-8.57032 10.35547,-16.78711 L 810,148.39258 l -11.07031,-6.25 0.53515,-23.75 -16.07226,-15.17774 15.89258,-19.287106 z"
       id="Golan"
       transform="scale(0.26458333)"
       inkscape:connector-curvature="0" />
  </g>
</svg>
