<?xml version="1.0" encoding="UTF-8" standalone="no"?>
<!-- Created with Inkscape (http://www.inkscape.org/) -->

<svg
   version="1.0"
   width="1047.8708"
   height="859.12183"
   viewBox="0 0 1047.8708 859.12183"
   id="svg2"
   xml:space="preserve"
   sodipodi:docname="2024 Kuwait general election results.svg"
   inkscape:version="1.1.2 (0a00cf5339, 2022-02-04)"
   xmlns:inkscape="http://www.inkscape.org/namespaces/inkscape"
   xmlns:sodipodi="http://sodipodi.sourceforge.net/DTD/sodipodi-0.dtd"
   xmlns="http://www.w3.org/2000/svg"
   xmlns:svg="http://www.w3.org/2000/svg"><sodipodi:namedview
   id="namedview39"
   pagecolor="#ffffff"
   bordercolor="#000000"
   borderopacity="0.25"
   inkscape:pageshadow="2"
   inkscape:pageopacity="0.0"
   inkscape:pagecheckerboard="0"
   showgrid="false"
   inkscape:zoom="0.5"
   inkscape:cx="791"
   inkscape:cy="595"
   inkscape:window-width="1533"
   inkscape:window-height="830"
   inkscape:window-x="0"
   inkscape:window-y="0"
   inkscape:window-maximized="0"
   inkscape:current-layer="svg2"
   inkscape:snap-page="true"
   inkscape:snap-text-baseline="true"
   inkscape:snap-center="true"
   inkscape:snap-object-midpoints="true"
   inkscape:snap-midpoints="true"
   inkscape:snap-smooth-nodes="true"
   inkscape:object-paths="true"
   inkscape:snap-intersection-paths="true"
   inkscape:snap-bbox="true"
   inkscape:bbox-paths="true"
   inkscape:bbox-nodes="true"
   inkscape:snap-bbox-edge-midpoints="true"
   inkscape:snap-bbox-midpoints="true" /><defs
   id="defs73">

		</defs>

		<path
   id="First"
   style="fill:#999999;fill-opacity:1;fill-rule:evenodd;stroke:#ffffff;stroke-opacity:1"
   d="M 798.12305 327.07617 C 797.93945 328.76367 798.65967 331.51025 799.78711 332.8125 L 802.41992 333.92969 L 803.25 330.90039 L 802.14258 328.19141 L 798.12305 327.07617 z M 826.30859 344.42578 C 824.12786 344.50247 821.83971 345.1598 819.88281 345.4043 C 818.83398 345.53566 817.57422 345.34669 816.55664 345.56445 C 815.77783 345.73095 814.67675 346.35987 813.92188 346.67969 C 813.729 346.93848 812.33207 348.74805 812.25977 348.91016 C 811.64014 350.29297 811.4331 352.33349 810.91992 353.85156 C 810.51709 355.04248 809.6748 356.20312 809.34961 357.35742 L 808.93359 360.70508 C 808.94579 360.83496 809.80424 363.14062 809.90234 363.41406 C 811.24609 364.36328 813.83594 364.88672 815.44727 364.68945 C 820.30714 361.17431 822.59766 363.61767 827.50391 363.73242 C 828.58252 363.75782 829.75733 363.36276 830.83008 363.41406 C 831.90869 363.46586 833.07178 363.93066 834.15625 364.05273 C 836.44288 364.31054 838.70996 364.09574 840.94922 364.84961 C 841.10254 364.90141 843.48098 366.04935 843.58008 366.12305 C 844.52735 366.82569 848.06885 371.25341 848.57031 372.33984 C 850.583 376.69677 849.49707 378.31982 854.5293 381.26562 C 856.36768 381.30813 858.25684 381.4585 860.07422 381.74219 C 860.74072 383.26319 861.98584 384.97752 863.26172 386.04688 C 866.09131 386.09078 868.80274 383.80469 869.49805 381.10547 C 869.58205 379.25537 869.19336 376.68115 868.25 375.04883 C 866.17675 373.45166 863.58935 372.07617 862.01367 369.94922 C 861.21142 368.86621 859.6709 366.51562 859.10352 365.32617 C 858.7129 364.50684 858.6621 363.43653 858.27148 362.61719 C 857.91406 361.86767 857.19825 361.10108 856.74805 360.38672 C 854.60791 356.98731 853.24366 354.70655 850.37305 351.7793 C 848.10352 350.7251 846.27393 351.36914 843.99609 351.14258 C 841.76172 350.92041 838.36279 350.5127 836.23633 349.86719 C 835.52784 349.65234 830.56103 345.3291 829.58398 344.92578 C 828.84265 344.61975 828.05186 344.47331 827.23633 344.43164 C 826.93051 344.41601 826.62013 344.41483 826.30859 344.42578 z M 672.69727 384.13281 C 669.9502 384.17091 667.39013 386.67237 666.04492 388.91602 C 665.59863 389.65967 665.42725 390.77002 664.93555 391.46484 C 664.61218 391.92116 664.09539 392.40365 663.54883 392.87891 L 664.81641 395.86328 L 666.34375 397.87891 C 666.34375 397.87891 667.27671 397.38845 668.31836 396.87695 C 669.36 396.36545 670.50951 395.83437 670.94336 395.75586 C 671.16029 395.71656 671.40533 395.76287 671.64844 395.85547 C 671.89154 395.94837 672.13393 396.08691 672.34961 396.23047 C 672.78096 396.51758 673.10352 396.82422 673.10352 396.82422 L 671.57227 402.23828 L 678.77344 408.12695 C 678.02344 408.75195 677.58593 409.5957 677.35156 410.50977 C 677.11718 411.42383 677.08594 412.40815 677.14844 413.31445 C 677.27344 415.12695 677.77344 416.62695 677.77344 416.62695 L 682.27344 423.62695 C 682.27344 423.62695 691.76022 421.02211 692.0918 420.94336 C 692.25759 420.90406 693.3441 420.80539 694.38867 420.7168 C 695.43324 420.6282 696.43555 420.54883 696.43555 420.54883 L 701.45898 429.01953 L 696.6875 431.81641 L 686.86133 433.64258 L 690.25391 442.62695 L 696.35742 458.78711 L 713.36523 457.06055 L 719.18359 454.23828 C 719.24589 453.59925 719.31545 452.95825 719.26367 452.34766 C 719.07763 450.15772 718.33691 448.11033 718.29297 445.81445 C 718.20567 441.19463 718.49147 436.40206 719.15625 431.75781 C 719.34691 430.42581 719.56414 429.10433 719.81836 427.80469 C 720.40383 424.81397 721.73389 421.99804 722.3125 419.03906 C 722.95068 415.77636 723.50876 411.83398 723.42188 408.51953 C 722.89454 407.10058 721.18654 405.32227 719.81836 404.69336 L 716.35352 404.85352 C 715.19776 406.1836 713.77149 407.2373 712.61133 408.51953 C 712.02002 409.17334 711.58008 410.1538 710.94922 410.75 C 710.75147 410.93652 706.51367 413.58106 706.375 413.61914 C 704.79248 414.05225 702.16309 413.74536 700.50781 413.67188 C 698.71924 413.59278 695.25586 412.76025 693.76172 411.70703 C 690.9336 409.71338 689.9204 405.41943 687.80273 402.78125 C 685.54443 399.96826 678.30664 393.48291 676.85547 391.14648 C 675.31201 388.66162 675.80127 387.08105 672.69727 384.13281 z M 887.23828 395.60938 L 883.08008 396.08789 L 882.66406 398.63867 C 883.99463 399.59863 886.93018 399.91162 888.48633 399.75391 L 889.31641 397.20312 L 887.23828 395.60938 z " /><path
   id="Third"
   style="fill:#999999;fill-opacity:1;fill-rule:evenodd;stroke:#ffffff;stroke-opacity:1"
   d="M 654.5918 410.92578 L 649.86719 415.67578 L 653.85742 421.0957 L 656.4082 424.56445 C 656.30446 424.56821 656.19825 424.57245 656.0957 424.57617 L 658.45117 437.06445 L 660.92383 454.89453 L 667.14648 454.9707 L 677.88867 455.10156 L 691.17578 455.69922 L 694.83789 454.76562 L 690.25391 442.62695 L 686.86133 433.64258 L 696.6875 431.81641 L 701.45898 429.01953 L 696.43555 420.54883 C 696.43555 420.54883 695.43324 420.62821 694.38867 420.7168 C 693.3441 420.80539 692.25759 420.90401 692.0918 420.94336 C 691.76022 421.02211 682.27344 423.62695 682.27344 423.62695 L 677.77344 416.62695 C 677.77344 416.62695 677.27344 415.12695 677.14844 413.31445 C 677.09656 412.56221 677.11602 411.75741 677.25586 410.98242 C 676.85511 411.74257 676.82579 411.8537 676.30469 412.77344 C 675.62867 413.9666 674.89239 415.19052 674.20898 416.17969 C 673.86728 416.67427 673.53855 417.11157 673.23633 417.45508 C 672.93411 417.79859 672.65902 418.0481 672.42383 418.17383 C 671.95345 418.42528 671.04811 418.73463 669.95508 419.05469 C 668.86205 419.37474 667.58155 419.7068 666.35938 420.00781 C 663.91501 420.60984 661.70508 421.08594 661.70508 421.08594 L 661.7793 413.16406 C 661.7793 413.16406 658.86035 412.79661 657.97266 412.72461 C 657.75073 412.70661 657.42891 412.58617 657.07031 412.41406 C 656.71172 412.24195 656.31638 412.01736 655.94922 411.79688 C 655.21489 411.35591 654.5918 410.92578 654.5918 410.92578 z " /><path
   id="Second"
   style="fill:#999999;fill-opacity:1;fill-rule:evenodd;stroke:#ffffff;stroke-opacity:1"
   d="M 616.98242 382.69922 C 615.26367 383.20801 612.5454 386.437 611.57812 387.80078 L 614.07227 389.07422 L 617.12109 388.4375 L 618.0918 385.4082 L 616.98242 382.69922 z M 599.24219 385.88672 C 597.48535 386.51563 596.04297 387.48633 594.39258 388.27734 C 592.53662 389.1665 585.63816 392.08155 583.85938 392.58008 L 583.85742 392.58008 C 579.46268 393.81186 570.81699 392.56446 564.94141 392.30273 L 564.11914 412.32812 L 561.23242 420.89062 L 572.14648 427.87891 L 594.14258 426.95703 L 594.14453 426.95703 L 608.75391 426.34375 L 608.75 426.29688 C 620.90907 425.89411 640.14299 425.19048 656.42383 424.58594 L 653.85742 421.0957 L 649.86719 415.67578 L 654.5918 410.92578 C 654.5918 410.92578 655.21489 411.35588 655.94922 411.79688 C 656.31638 412.01736 656.71172 412.24195 657.07031 412.41406 C 657.42891 412.58617 657.75073 412.70661 657.97266 412.72461 C 658.86035 412.79661 661.7793 413.16406 661.7793 413.16406 L 661.70508 421.08594 C 661.70508 421.08594 663.915 420.60984 666.35938 420.00781 C 667.58155 419.7068 668.86205 419.37474 669.95508 419.05469 C 671.04811 418.73463 671.95345 418.42528 672.42383 418.17383 C 672.65902 418.0481 672.93411 417.79859 673.23633 417.45508 C 673.53855 417.11157 673.86728 416.67427 674.20898 416.17969 C 674.89239 415.19052 675.62867 413.9666 676.30469 412.77344 C 676.82579 411.8537 676.85511 411.74257 677.25586 410.98242 C 677.28449 410.82374 677.31174 410.66511 677.35156 410.50977 C 677.58593 409.5957 678.02344 408.75195 678.77344 408.12695 L 671.57227 402.23828 L 673.10352 396.82422 C 673.10352 396.82422 672.78096 396.51758 672.34961 396.23047 C 672.13393 396.08691 671.89154 395.94842 671.64844 395.85547 C 671.40533 395.76252 671.16029 395.7166 670.94336 395.75586 C 670.50951 395.83437 669.36 396.36545 668.31836 396.87695 C 667.27671 397.38845 666.34375 397.87891 666.34375 397.87891 L 664.81641 395.86328 L 663.54883 392.87891 C 662.89704 393.44566 662.20019 394.00229 661.70117 394.49414 C 661.44873 394.74268 661.35449 394.94287 661.05469 395.13086 C 660.33496 395.58252 659.19529 395.69239 658.42188 396.08789 C 657.21191 396.70654 654.93311 398.12451 653.84766 398.95703 C 653.14893 399.49219 652.61279 400.34619 651.9082 400.86914 C 651.5415 401.14111 647.73632 403.52686 647.33398 403.73828 C 644.86718 405.03516 641.81543 405.47852 639.29688 406.76562 C 635.38329 408.76612 632.75977 412.89112 629.31641 415.53125 C 626.68262 417.55078 622.21485 419.31494 619.06055 420.3125 C 615.07959 421.57178 599.84961 422.29637 595.91602 421.10938 C 594.05811 419.65429 593.65967 417.51221 592.77539 415.47852 C 591.68408 412.96875 591.74414 410.64356 591.85156 407.93555 C 592.40039 394.0791 602.39112 394.87402 602.29102 386.84375 L 599.24219 385.88672 z " /><path
   id="Fifth"
   style="fill:#999999;fill-opacity:1;fill-rule:evenodd;stroke:#ffffff;stroke-opacity:1"
   d="M 719.18359 454.23828 L 713.36523 457.06055 L 696.35742 458.78711 L 694.83789 454.76562 L 691.17578 455.69922 L 677.88867 455.10156 L 667.14648 454.9707 C 667.25607 455.38955 667.37554 455.80139 667.50977 456.20117 C 667.65577 456.63599 667.81835 457.05762 667.99609 457.46094 C 668.17382 457.86426 668.36768 458.24878 668.58008 458.61133 C 668.79249 458.97388 669.02344 459.31444 669.27344 459.62695 C 669.77344 460.25195 670.25683 460.90039 670.72461 461.56055 C 671.19237 462.2207 671.64453 462.89257 672.07812 463.56445 C 672.94534 464.90819 673.74219 466.25195 674.46094 467.50195 C 675.17969 468.75195 675.82031 469.90819 676.375 470.87695 C 676.92968 471.84569 677.39844 472.62695 677.77344 473.12695 C 677.96094 473.37695 678.13183 473.65723 678.28711 473.96289 C 678.44237 474.26856 678.58203 474.59961 678.70312 474.94727 C 678.82421 475.29492 678.92676 475.65918 679.01172 476.03516 C 679.09672 476.41113 679.16407 476.79882 679.21094 477.18945 C 679.25784 477.58007 679.28422 477.97362 679.29102 478.36523 C 679.29802 478.75683 679.285 479.14649 679.25 479.52539 C 679.2148 479.9043 679.15722 480.27246 679.07812 480.625 C 678.99902 480.97754 678.89844 481.31445 678.77344 481.62695 C 678.52344 482.25195 678.02343 483.25196 677.41406 484.40039 L 672.77344 492.62695 L 621.77344 490.62695 L 581.27344 467.62695 L 570.27344 487.62695 L 565.77344 549.62695 C 565.77344 549.62695 561.77344 552.25195 557.52344 555.12695 C 555.39844 556.56445 553.21094 558.06446 551.42969 559.33008 C 549.64844 560.5957 548.27344 561.62692 547.77344 562.12695 C 546.77344 563.12695 544.02344 565.87695 540.96094 568.75195 C 539.42969 570.18945 537.82031 571.6582 536.3125 572.95508 C 535.55859 573.60352 534.82911 574.20898 534.14844 574.74609 C 533.46778 575.28319 532.83594 575.75192 532.27344 576.12695 C 531.71094 576.50195 531.1084 576.94727 530.48047 577.44531 C 529.85254 577.94336 529.19921 578.49414 528.53125 579.08008 C 527.19531 580.25196 525.80469 581.56442 524.46094 582.87695 C 521.77344 585.50195 519.27344 588.12695 517.77344 589.62695 C 517.39844 590.00195 517 590.47754 516.58984 591.0293 C 516.17968 591.58106 515.75782 592.20899 515.33594 592.88477 C 514.49219 594.23633 513.64844 595.78318 512.89844 597.31445 C 512.14844 598.84569 511.49219 600.36133 511.02344 601.65039 C 510.78907 602.29492 510.60157 602.88184 510.47266 603.38672 C 510.34376 603.8916 510.27344 604.31444 510.27344 604.62695 C 510.27344 605.25195 510.05468 607.9082 509.72656 611.54102 C 509.39843 615.17383 508.96094 619.78315 508.52344 624.31445 C 507.64844 633.37695 506.77344 642.12695 506.77344 642.12695 C 506.77344 642.12695 506.52344 643.50195 506.08594 645.37695 C 505.86719 646.31445 505.60156 647.37696 505.29688 648.45508 C 504.99219 649.5332 504.64844 650.62693 504.27344 651.62695 C 504.08594 652.12695 503.80371 652.69629 503.45117 653.31641 C 503.09863 653.93653 502.67579 654.60742 502.20312 655.30664 C 501.25781 656.70508 500.11719 658.22065 498.96094 659.68945 C 496.64844 662.62695 494.27344 665.37695 493.27344 666.62695 C 493.02344 666.93945 492.63282 667.32124 492.14062 667.75195 C 491.64844 668.1826 491.05469 668.66211 490.39844 669.16602 C 489.08594 670.17383 487.52344 671.28317 486.02344 672.31445 C 483.02344 674.37695 480.27344 676.12695 480.27344 676.12695 L 479.96484 676.3457 C 482.28096 679.11219 484.73817 682.07819 485.89648 683.99609 C 486.17822 684.46191 489.09521 692.52149 489.48047 693.54883 C 489.70215 694.14063 490.15334 695.01221 490.25586 695.61719 L 493.67969 715.83984 C 494.43067 720.27636 494.72901 725.49219 494.31055 729.93555 C 493.76026 735.77735 491.90917 741.79151 491.60742 747.62305 C 491.55562 748.61866 493.19873 770.38086 493.52344 771.95117 C 493.57374 772.19433 497.23486 783.42285 497.25 783.45117 C 497.53027 783.97461 503.75049 791.52148 504.51953 792.47656 C 506.48535 794.9165 509.44092 797.12989 511.76367 799.26758 C 512.78613 802.60352 515.167 811.77783 516.43555 814.50977 C 516.50345 814.65625 522.52004 821.6665 523.19336 822.45898 L 545.66016 848.9043 L 543.36523 858.60938 C 657.7705 856.31646 773.95605 854.40479 888.375 852.73047 L 887.93164 852.23438 C 886.01269 850.19727 884.83696 850.01076 882.75586 848.51562 C 881.94873 847.93507 880.30859 847.45313 880.30859 847.45312 C 879.67187 842.33984 876.1587 839.2378 874.07227 834.86133 C 873.66895 834.01612 873.52245 832.98534 873.10156 832.15234 C 872.71045 831.37793 871.94972 830.70166 871.57812 829.92188 C 871.18652 829.10157 871.12792 828.04003 870.74609 827.21289 C 870.3623 826.38184 869.6245 825.64746 869.2207 824.82227 C 868.48388 823.31592 867.76416 821.18213 867.28125 819.5625 C 866.01367 815.31055 865.00391 807.31494 865.61719 802.98633 C 865.75781 801.99268 866.23389 800.94727 866.44922 799.95703 C 866.93994 797.69873 867.19532 795.25586 867.14258 792.94531 L 864.50977 791.66992 C 863.72998 793.08887 862.34912 794.84717 861.04492 795.81445 C 860.35644 796.32519 859.36573 796.56982 858.6875 797.08984 C 858.08545 797.55175 857.49463 798.60839 856.88672 799.00195 C 856.59619 799.18994 852.13818 800.69336 851.48242 800.91406 L 848.98633 799.63867 C 848.67969 797.51025 848.99433 795.49756 848.84766 793.42383 C 848.70996 791.47266 848.09521 789.30908 847.74023 787.36719 L 849.54102 785.45508 C 851.6294 786.73047 853.07032 788.56446 855.36133 789.59766 C 857.74414 788.2583 860.16503 786.27637 860.49023 783.38281 C 858.52441 778.73388 854.17431 779.44971 852.58984 776.36914 L 852.58984 773.97852 L 855.22266 773.02148 C 857.82178 773.69873 860.05127 775.7915 861.73633 777.80469 L 864.37109 777.48438 C 863.38037 774.00487 861.542 770.1084 861.32227 766.48828 C 861.22707 764.9209 861.58106 763.09082 861.64453 761.49414 C 861.71433 759.72949 861.65253 757.3335 862.15234 755.65039 C 862.64355 753.99853 864.03272 752.271 864.64844 750.55078 C 864.98047 749.62305 865.12598 748.59912 865.47852 747.68164 C 866.2168 745.75732 867.17773 744.20703 867.55859 742.10352 L 865.89453 740.03125 C 862.00732 738.8335 857.44678 740.93457 853.14453 740.34961 C 851.05664 738.64551 848.66651 737.32471 846.63086 735.56836 C 845.31058 734.4292 844.16455 733.11182 842.75 732.0625 C 841.26025 730.95752 839.59569 730.30029 838.03711 729.35156 C 836.5293 728.43359 835.1753 727.19433 833.74219 726.16406 C 833.03467 725.65576 832.00294 725.15869 831.38477 724.57031 C 830.44043 723.67187 827.50146 718.87988 826.8125 717.55859 C 825.96289 715.93017 825.65966 713.95215 824.87109 712.29883 C 823.354 709.11768 820.75488 706.25439 819.18945 703.05469 C 818.77783 702.21289 818.60351 701.20509 818.21875 700.3457 C 817.82422 699.46535 817.22851 698.67529 816.83398 697.79492 C 816.25439 696.50146 814.50342 690.27002 814.47656 689.0293 C 814.41606 686.25 815.81786 681.95899 816.14062 678.98828 C 816.36964 676.88183 816.30029 674.72705 816.55664 672.61328 C 816.95557 669.32617 817.6372 665.99561 818.21875 662.73242 L 816.69531 660.18164 C 813.40332 658.3833 809.25683 658.30664 805.74609 656.99414 C 802.11865 655.63818 794.04203 651.43945 791.19336 648.86523 C 790.03613 647.81982 788.38867 646.2583 787.45117 645.03906 C 786.03808 643.20215 782.54882 636.82666 780.98438 634.30859 C 780.36329 633.30859 779.82813 632.10792 779.13672 631.17383 C 778.11524 629.79444 776.58251 628.71191 775.5332 627.34766 C 775.0205 626.68164 774.6914 625.74463 774.14648 625.11719 C 772.99414 623.79297 771.26074 622.86377 770.12695 621.45117 C 767.38965 618.04053 765.48094 613.50489 763.47461 609.6582 C 763.07714 608.8965 762.458 608.19776 762.08984 607.42578 C 760.81445 604.75195 760.72998 601.65235 759.45508 598.97852 C 758.71485 597.42627 757.44042 596.0625 756.68359 594.51562 C 756.23486 593.59816 756.02295 592.56592 755.57422 591.64844 C 754.81787 590.10108 753.54247 588.7378 752.80273 587.18555 C 752.07959 585.66944 751.22802 583.52881 750.72461 581.92578 C 749.90283 579.3081 749.45215 575.13233 749.33789 572.36133 C 749.19287 568.85401 750.12988 564.98682 749.33789 561.52344 C 749.12109 560.57471 747.72657 557.1875 747.25977 556.26367 C 746.86866 555.48926 746.10594 554.81301 745.73438 554.0332 C 745.35888 553.2461 745.33203 552.06201 744.9043 551.32422 C 744.49073 550.61035 743.48437 549.92673 742.96289 549.25195 C 741.92773 547.91355 740.93799 545.93213 740.46875 544.3125 C 739.97559 542.6123 739.4712 540.01758 739.35938 538.25586 C 739.20997 535.91016 739.57519 533.62989 739.2207 531.24219 C 738.77685 528.25147 737.69433 525.49414 736.86523 522.63477 C 735.83544 519.08106 734.83837 514.03613 734.37109 510.36328 C 733.8872 506.56396 734.58301 502.74316 733.72461 498.99414 C 733.14355 496.45703 732.72364 493.59863 731.59766 491.23828 C 731.2295 490.46533 730.58105 489.77833 730.21289 489.00586 C 729.74388 488.02253 729.31779 486.91957 728.90625 485.81641 C 728.64382 485.11298 728.38453 484.402 728.13281 483.74609 C 727.29883 481.57226 726.10937 477.59228 725.5 475.29883 C 725.24072 474.32276 725.22558 473.23876 724.94531 472.27148 C 724.22656 469.79101 722.87695 466.64892 721.75781 464.30273 C 721.38281 463.51562 720.66992 462.71582 720.37305 461.91211 C 720.2417 461.55566 720.25928 461.32763 720.1875 460.95508 C 719.87305 459.32617 719.25928 457.47901 719.125 455.85547 C 719.08176 455.33205 719.13023 454.78584 719.18359 454.23828 z M 912.87695 558.01758 L 908.85742 559.77148 L 909.82812 562.48047 L 912.04492 563.91602 L 915.0957 563.27734 L 914.81836 560.08984 L 912.87695 558.01758 z M 1045.2344 695.72266 L 1044.2637 698.5918 L 1046.8965 699.07031 L 1047.3125 696.51953 L 1045.2344 695.72266 z M 988.96484 772.70312 L 987.30078 774.93555 L 987.16211 777.96289 L 989.79688 778.44141 L 990.62891 775.41406 L 988.96484 772.70312 z " /><path
   id="Fourth"
   style="fill:#999999;fill-opacity:1;fill-rule:evenodd;stroke:#ffffff;stroke-opacity:1"
   d="M 542.33594 0.50976562 C 539.58192 0.45194563 535.84265 0.68359375 533.92188 0.68359375 L 508.81445 0.68359375 L 425.21094 0.68359375 L 385.74023 0.68359375 C 384.28027 1.7788037 382.57862 3.459225 381.00977 4.234375 C 377.82569 5.807375 373.69919 6.1005936 370.41211 7.5253906 C 370.13964 7.6435526 364.5 12.000729 364.2793 12.167969 C 358.43653 16.593259 352.63574 21.60645 346.17969 25.125 L 342.0293 26.794922 C 340.64746 27.350342 338.62988 28.405273 337.14648 28.757812 C 333.90478 29.527342 330.54346 29.925289 327.28516 30.636719 C 320.48584 32.121579 305.50101 38.230468 299.88086 41.611328 C 297.70361 42.920898 293.71972 45.816178 291.86523 47.533203 C 288.97461 50.210483 286.44434 53.842536 283.83789 56.878906 C 281.64648 58.972896 277.81543 62.065927 276.19141 64.185547 C 276.13181 64.263147 271.66064 72.609623 271.56445 72.845703 C 270.34277 75.847173 270.0625 79.449233 268.77344 82.408203 L 265.39648 88.056641 C 263.57324 91.106691 260.74658 96.378176 259.71289 99.728516 C 258.75439 102.83398 258.66113 106.49072 257.9082 109.68164 C 256.18701 116.97461 251.79199 130.94726 248.86523 137.76367 C 247.83203 140.16894 246.36084 142.5874 245.15039 144.91992 C 242.22412 150.55908 237.84815 158.55078 235.9668 164.28516 C 234.97364 167.3125 234.36621 170.82569 233.13867 173.73828 C 231.90429 176.66699 229.70093 179.33789 228.39844 182.24805 C 227.14575 185.04639 226.66455 188.97315 225.1582 191.56641 L 220.76758 196.63281 C 219.91138 197.6206 219.32666 198.09864 218.57227 199.16602 C 218.39014 199.42383 213.56372 207.94629 213.54492 208.00391 L 212.77344 214.69336 C 212.22754 219.43457 212.56494 224.34277 211.93164 229.01367 L 210.26172 236.25195 C 209.93628 237.66357 209.93823 238.51709 209.42773 239.87305 C 209.02441 240.94336 208.52319 241.417 207.94531 242.4043 L 204.98242 247.4668 C 203.36328 250.01953 201.04492 252.59325 199.67188 255.25195 C 198.27026 257.96678 197.81054 261.94825 196.20312 264.4668 C 194.42676 267.25147 190.75366 269.37305 188.90234 272.13281 C 188.21069 273.16406 188.14184 273.91992 187.65625 275.0625 C 185.979 279.0083 183.23559 286.87207 181.51758 290.10742 C 179.98779 292.9873 177.49952 295.5166 175.90039 298.37109 C 174.36816 301.10547 173.58277 304.63623 171.91016 307.25 C 170.22388 309.88525 167.26147 312.6836 165.19727 315.0957 C 165.12817 315.95654 164.46167 324.95996 164.38477 325.21484 C 164.15601 325.97314 160.16211 332.57568 159.52539 333.89453 C 156.55884 340.04004 154.71438 346.75878 152.00586 353.00781 L 148.8125 359.54102 C 148.18994 360.81495 147.99439 361.62304 147.2168 362.80859 C 145.54492 365.35791 142.67676 367.94773 140.66602 370.29688 C 137.14869 374.40674 133.72632 378.60499 130.29297 382.78516 C 127.79419 385.82715 124.76121 391.26319 122.72461 393.48047 C 120.52855 395.87109 117.17554 397.6289 114.81055 399.90234 L 110.53125 404.80664 C 109.69653 405.76269 109.06739 406.18261 108.39258 407.25781 C 107.69409 408.37109 107.57519 409.14355 107.05273 410.34961 C 105.20898 414.60645 102.48633 421.6914 100.14258 425.45703 C 97.611327 429.52392 91.08521 436.59814 87.78125 440.66992 C 85.71729 443.21338 83.555181 445.80664 81.619141 448.44531 C 79.718261 451.03564 78.104735 453.85937 76.203125 456.44922 C 74.291995 459.05225 71.87036 461.46533 70.09375 464.14453 C 68.2937 466.85889 66.953858 470.06982 65.298828 472.89258 C 62.272458 478.05371 58.717289 483.09913 54.917969 487.7168 C 50.089849 493.58496 44.567141 498.90725 39.087891 504.1582 L 34.421875 508.63086 C 31.778565 510.66162 28.406744 511.96243 25.740234 513.9707 C 20.889164 517.62502 9.0210006 530.26028 5.7128906 535.32812 C 3.9582506 538.01662 2.2480475 541.65722 0.7734375 544.53906 C 87.428955 554.72656 173.96143 566.45654 260.46484 577.81055 C 316.28759 585.1377 372.09277 592.67432 427.90625 600.08594 L 435.38477 605.92578 C 437.63965 607.68848 438.65332 608.37646 439.44531 609.26172 C 440.22265 610.13037 440.7876 611.18946 442.10547 613.63867 L 454.04688 635.83789 C 454.19385 636.11084 454.36962 636.5376 454.55859 636.77344 L 466.01562 651.06641 C 467.28076 652.64453 468.02637 653.90821 468.88867 655.74414 L 475.33203 669.46289 C 475.48047 669.77881 476.63086 672.31787 476.73633 672.45117 C 477.51195 673.42865 478.78659 674.93837 479.96484 676.3457 L 480.27344 676.12695 C 480.27344 676.12695 483.02344 674.37695 486.02344 672.31445 C 487.52344 671.28319 489.08594 670.17383 490.39844 669.16602 C 491.05469 668.66211 491.64846 668.18261 492.14062 667.75195 C 492.63281 667.32128 493.02344 666.93945 493.27344 666.62695 C 494.27344 665.37695 496.64844 662.62695 498.96094 659.68945 C 500.11719 658.22069 501.25783 656.70508 502.20312 655.30664 C 502.67579 654.60742 503.09863 653.93653 503.45117 653.31641 C 503.80371 652.69629 504.08594 652.12695 504.27344 651.62695 C 504.64844 650.62695 504.99217 649.5332 505.29688 648.45508 C 505.60156 647.37696 505.86719 646.31444 506.08594 645.37695 C 506.52344 643.50195 506.77344 642.12695 506.77344 642.12695 C 506.77344 642.12695 507.64844 633.37695 508.52344 624.31445 C 508.96094 619.78319 509.39843 615.17383 509.72656 611.54102 C 510.05468 607.9082 510.27344 605.25194 510.27344 604.62695 C 510.27344 604.31445 510.34374 603.8916 510.47266 603.38672 C 510.60157 602.88184 510.78907 602.29492 511.02344 601.65039 C 511.49219 600.36133 512.14844 598.84569 512.89844 597.31445 C 513.64844 595.78319 514.49219 594.23633 515.33594 592.88477 C 515.75782 592.20899 516.17968 591.58106 516.58984 591.0293 C 517 590.47754 517.39844 590.00195 517.77344 589.62695 C 519.27344 588.12695 521.77344 585.50195 524.46094 582.87695 C 525.80469 581.56445 527.19531 580.25196 528.53125 579.08008 C 529.19921 578.49414 529.85254 577.94336 530.48047 577.44531 C 531.1084 576.94727 531.71094 576.50195 532.27344 576.12695 C 532.83594 575.75195 533.46778 575.28319 534.14844 574.74609 C 534.82911 574.20898 535.55859 573.60352 536.3125 572.95508 C 537.82031 571.6582 539.42969 570.18945 540.96094 568.75195 C 544.02344 565.87695 546.77344 563.12695 547.77344 562.12695 C 548.27344 561.62695 549.64844 560.5957 551.42969 559.33008 C 553.21094 558.06446 555.39844 556.56445 557.52344 555.12695 C 561.77344 552.25195 565.77344 549.62695 565.77344 549.62695 L 570.27344 487.62695 L 581.27344 467.62695 L 621.77344 490.62695 L 672.77344 492.62695 C 672.77344 492.62695 674.02344 490.50195 675.39844 488.06445 C 676.08594 486.84569 676.80468 485.54883 677.41406 484.40039 C 678.02343 483.25196 678.52344 482.25195 678.77344 481.62695 C 678.89844 481.31445 678.99903 480.97754 679.07812 480.625 C 679.15724 480.27246 679.21484 479.9043 679.25 479.52539 C 679.2852 479.14649 679.29792 478.75683 679.29102 478.36523 C 679.28402 477.97362 679.25784 477.58007 679.21094 477.18945 C 679.16404 476.79882 679.09669 476.41113 679.01172 476.03516 C 678.92672 475.65918 678.82422 475.29492 678.70312 474.94727 C 678.58204 474.59961 678.44238 474.26856 678.28711 473.96289 C 678.13183 473.65723 677.96094 473.37695 677.77344 473.12695 C 677.39844 472.62695 676.92968 471.84569 676.375 470.87695 C 675.82031 469.90819 675.17969 468.75195 674.46094 467.50195 C 673.74219 466.25195 672.94534 464.90819 672.07812 463.56445 C 671.64454 462.89257 671.19238 462.2207 670.72461 461.56055 C 670.25683 460.90039 669.77344 460.25195 669.27344 459.62695 C 669.02344 459.31445 668.79249 458.97388 668.58008 458.61133 C 668.36768 458.24878 668.17382 457.86426 667.99609 457.46094 C 667.81835 457.05762 667.65577 456.63599 667.50977 456.20117 C 667.37554 455.80139 667.25607 455.38955 667.14648 454.9707 L 660.92383 454.89453 L 658.45117 437.06445 L 656.0957 424.57617 C 640.08547 425.15713 620.60213 425.85639 608.74414 426.22266 L 608.75195 426.34375 L 572.14648 427.87891 L 561.23242 420.89062 L 564.11914 412.32812 L 564.94141 392.30273 C 564.06467 392.26368 563.24548 392.2453 562.51562 392.26172 C 561.40527 392.28662 560.30029 392.55566 559.18945 392.58008 C 557.96582 392.60738 556.50341 392.27586 555.30859 392.42188 C 553.39306 392.65625 552.08838 394.17139 550.45898 394.8125 L 544.49805 396.08789 C 540.73828 396.18159 536.00391 394.58254 534.51953 390.82812 L 535.35156 387.80078 C 538.4375 386.27002 538.10205 382.18652 542.28125 379.99023 C 546.33594 377.85888 550.84278 379.45947 554.75391 377.75781 L 556.23242 376.69531 C 560.46533 373.65381 560.63672 370.95996 563.76367 367.87695 C 565.10888 366.55078 566.88331 365.69873 568.33594 364.5293 C 570.99121 362.39209 573.55519 359.51124 575.26562 356.56055 C 576.19484 354.95752 576.6875 353.02002 577.62305 351.46094 C 577.87549 351.04004 582.33398 344.76758 582.33398 344.76758 C 582.55957 344.55469 584.31835 343.76758 584.68945 343.49219 C 585.85205 342.62989 587.61279 340.92774 588.57031 339.82617 C 591.48291 336.47656 593.5332 332.20508 596.4707 328.82812 C 599.34131 325.52736 603.1748 323.03125 606.0332 319.74414 C 606.58691 319.10742 606.99365 318.29591 607.55859 317.67188 C 608.13086 317.04003 608.94092 316.55909 609.49805 315.91797 C 610.12159 315.20117 610.53855 314.24413 611.16211 313.52734 C 611.71924 312.88623 612.52978 312.40723 613.10156 311.77539 C 613.65478 311.16504 614.04541 310.27296 614.62695 309.70312 C 616.18554 308.17627 617.69238 308.16699 619.47656 307.3125 C 620.27978 306.92725 621.02245 306.0542 621.83398 305.71875 C 622.73681 305.34619 623.96972 305.44092 624.88281 305.08203 C 625.63965 304.78418 626.3535 304.0039 627.09961 303.64648 C 627.95996 303.23388 629.01074 303.10155 629.87109 302.68945 C 631.61279 301.85497 632.57716 300.45703 634.0293 299.34375 C 634.68506 298.84082 635.58056 298.5625 636.24609 298.06836 C 636.9873 297.51856 637.58887 296.71289 638.32617 296.15625 C 639.01758 295.63477 640.05127 295.29006 640.68164 294.7207 C 641.2417 294.21436 641.70947 293.2461 642.20703 292.65039 C 645.59228 288.59424 646.90771 287.02148 649.27539 282.18359 C 649.80322 281.10498 650.54736 279.90528 650.9375 278.7832 C 651.61719 276.82959 651.86327 274.708 652.60156 272.72656 C 653.30761 270.83203 654.2168 269.56445 655.37305 267.94531 C 656.30811 266.63623 657.26854 264.73193 658.42188 263.64258 C 659.16111 262.94385 664.42382 259.72461 665.49023 259.17969 C 667.44433 258.18067 669.91943 257.81885 672.05078 257.37305 C 680.7207 255.56006 694.93457 257.13574 696.11914 268.26367 C 694.06494 268.25767 691.89697 268.02635 689.88281 267.62695 L 688.63477 270.33594 L 689.32812 272.56641 C 692.17724 275.34034 701.08594 276.07422 704.98828 276.07422 C 708.37598 276.07422 711.75586 275.17774 715.10547 276.07422 C 716.15186 276.35401 717.45654 277.11718 718.43164 277.61523 C 726.31836 281.64257 723.10352 288.70996 727.58008 293.28711 C 728.39453 294.12012 731.18116 295.73096 732.29102 296.15625 C 733.21436 296.51025 734.27392 296.60645 735.20117 296.95312 C 738.9375 298.34913 744.62451 301.92237 748.0918 303.00977 C 748.26807 303.06497 751.3789 303.6372 751.55664 303.64648 C 754.7085 303.81103 754.46631 302.49757 756.40625 301.73438 C 758.30225 300.98829 759.80224 301.70898 761.8125 299.82227 C 762.07129 297.74463 762.31592 295.20654 762.08984 293.12695 C 761.98095 292.12499 761.54882 291.10156 761.39648 290.09961 C 761.07714 288.00293 761.20264 285.75049 760.42578 283.72461 C 760.11865 282.92432 759.4336 282.11133 759.04102 281.33398 C 757.78663 278.85009 756.82324 276.15722 755.57422 273.68359 C 755.20215 272.9458 754.48779 272.20557 754.18945 271.45117 C 753.4497 269.57861 753.34327 267.60888 752.38672 265.71484 C 751.28565 263.53369 749.72315 260.9502 748.23047 259.01953 C 747.70606 258.34082 746.86523 257.66651 746.42773 256.94727 C 745.44921 255.33936 743.81641 251.08935 742.96289 249.29883 C 742.20654 247.71338 740.83202 246.3794 740.05273 244.83594 C 738.78759 242.33106 738.37256 239.20215 737.14258 236.70703 C 736.75879 235.92773 736.00976 235.25391 735.61719 234.47656 C 735.19678 233.64404 735.06837 232.59815 734.64844 231.76562 C 734.25489 230.98682 733.51611 230.31397 733.12305 229.53516 C 732.70264 228.70215 732.57275 227.65723 732.15234 226.82422 C 731.76123 226.04981 731.00098 225.37305 730.62891 224.59375 C 730.2378 223.77295 730.1792 222.71192 729.79688 221.88477 C 729.05615 220.28125 727.69141 218.85547 726.88672 217.26172 C 726.44824 216.39307 726.21582 215.42138 725.77734 214.55273 C 725.39013 213.78564 724.76123 213.09375 724.39258 212.32031 C 721.86084 207.01123 723.89307 203.35156 720.0957 198.29492 L 718.15625 198.61523 C 717.19043 200.08154 716.17188 201.52247 715.10547 202.91797 L 712.33398 204.0332 C 707.74804 203.51269 706.9961 199.62842 704.71094 196.54297 C 703.63428 195.08936 702.36035 194.10449 701.52344 192.39844 C 699.29297 188.62354 696.33008 184.85498 694.45508 180.92383 C 693.23047 178.35547 692.54737 175.48877 691.26758 172.95508 C 690.87451 172.17627 690.27588 171.50147 689.88281 170.72266 C 689.45605 169.87793 689.24415 168.82519 688.77344 168.01367 C 687.90576 166.5166 686.41065 165.29199 685.58594 163.71094 C 684.31787 161.28076 683.5503 158.30518 682.53711 155.74219 C 681.5127 153.14942 680.12207 150.43847 679.34961 147.77148 C 679.06885 146.80371 679.06103 145.71826 678.79492 144.74414 C 678.30273 142.94434 677.27393 141.2583 676.7168 139.48438 C 676.10205 137.52636 676.04736 135.36865 675.46875 133.42773 C 675.21777 132.58544 674.55272 131.72314 674.35938 130.87891 C 674.11131 129.79346 674.24755 128.48584 674.08203 127.37109 C 673.93066 126.35009 673.54592 125.36426 673.39062 124.34375 C 673.04833 122.09766 673.11181 119.75439 672.97461 117.49023 C 672.85303 115.48681 672.46484 113.42871 672.41992 111.43359 C 672.31836 106.85449 673.51221 101.28027 673.25195 97.089844 C 673.104 94.705324 672.05323 92.646486 671.26562 90.447266 C 670.73339 88.961426 670.22071 87.339351 669.50977 85.931641 C 669.12256 85.164551 668.4917 84.474122 668.12305 83.701172 C 667.71778 82.851322 667.55761 81.841798 667.15234 80.992188 C 666.41211 79.439458 665.18311 77.972167 664.24219 76.529297 C 662.49805 73.855467 660.65869 70.027097 659.66992 66.966797 C 658.06689 62.005617 658.41992 55.030764 656.48242 50.708984 C 626.40137 37.374992 601.05225 25.551278 570.94727 12.273438 C 568.06739 11.003417 546.02246 0.91992375 544.65625 0.68359375 C 544.06103 0.58068875 543.25395 0.52903563 542.33594 0.50976562 z M 725.42188 42.896484 C 724.25711 42.901984 723.25378 42.959044 722.58984 43.058594 C 720.56055 43.363034 718.55371 44.191412 716.49219 44.494141 C 713.48535 44.935302 710.28222 45.174316 707.48242 46.566406 C 706.87109 46.870356 701.12158 50.572757 700.55469 51.029297 C 698.51319 52.672847 689.23681 62.812501 688.35742 64.894531 C 687.5039 66.915041 686.55615 72.352051 687.11133 74.457031 C 688.11621 75.651361 690.85009 76.688717 692.37695 76.529297 C 696.38818 76.109867 706.25146 69.382078 709.00781 66.330078 C 709.55468 65.724358 709.89014 64.756596 710.39453 64.097656 C 711.80664 62.251946 713.98584 59.796875 715.79883 58.359375 C 718.40137 56.294925 722.08496 53.997806 725.22266 52.941406 C 727.00635 52.341066 729.26025 52.13403 730.90625 51.1875 C 732.12256 50.48852 733.15625 48.777831 734.78711 48.957031 L 736.72656 47.203125 L 735.47852 44.494141 C 733.86499 43.329226 728.91617 42.879926 725.42188 42.896484 z M 757.97852 61.033203 C 755.32437 61.026203 753.02662 61.890534 749.75391 63.458984 C 747.87744 64.358394 746.3418 65.371826 744.21094 65.691406 C 741.18067 66.145996 737.94287 65.67531 735.75586 68.71875 C 736.01955 70.48877 736.86377 72.716552 737.97266 74.138672 C 740.46339 74.085672 742.97119 74.139668 745.45703 74.298828 L 747.25977 76.050781 C 745.04298 84.098881 751.31641 84.433596 751.55469 89.597656 L 750.58594 92.466797 C 750.89795 93.969477 752.458 96.163081 753.91211 96.769531 L 757.23828 96.451172 C 759.20458 94.576662 762.08691 93.450687 764.58398 92.466797 C 768.25878 93.574957 775.31739 94.953124 777.47266 98.365234 L 776.91797 101.71094 C 776.08594 102.8379 774.34717 104.68408 773.17578 105.37695 C 771.45215 106.39648 769.22656 106.23681 767.49414 106.9707 C 767.23975 107.07812 765.65381 108.32714 765.27539 108.56445 C 762.80127 110.11621 760.62793 110.729 759.87109 113.98438 C 762.52294 120.49559 757.55469 125.25928 751.83203 127.21289 L 748.92188 126.41602 C 747.42286 124.31983 746.15821 121.57959 744.21094 119.88086 C 743.63379 119.37744 739.99217 117.29833 739.35938 117.17188 C 738.23194 116.94629 736.78076 117.30809 735.61719 117.17188 C 734.62402 117.05468 733.55567 116.4487 732.56836 116.375 C 730.52198 116.22119 725.68457 116.99122 724.39258 118.76562 L 723.56055 122.11133 L 724.66797 124.82227 C 728.14063 123.91553 732.83301 121.15478 736.17188 123.86523 L 737.55859 126.0957 L 736.86523 129.125 L 734.92383 131.03711 C 734.4751 134.24512 736.92725 136.26563 737.69727 139.16602 C 737.32764 142.3584 735.24804 144.79151 735.33984 148.0918 L 733.40039 149.84375 L 730.9043 148.72852 L 727.85547 149.36523 L 726.33203 151.59766 C 726.54687 153.41846 726.11962 156.40381 725.08398 157.97266 C 722.39306 156.91704 718.91553 155.8623 716.07617 156.85742 L 714.68945 159.24805 C 715.2832 160.91797 714.73925 163.88574 713.7207 165.30469 C 710.84765 165.83936 707.3794 165.63184 704.84961 167.2168 C 704.13086 168.93262 704.35058 170.7207 704.94141 172.37109 C 705.86768 174.95654 709.49853 177.03516 712.05664 177.73633 C 714.96484 178.53222 717.84815 178.36571 720.51172 180.12695 C 722.70508 183.10449 722.93555 187.39892 725.5 190.00781 C 728.04052 192.59277 729.79931 192.88038 731.41406 196.5957 L 732.15234 198.29492 C 732.27587 199.40527 731.68943 200.82227 731.73633 201.96094 C 731.81053 203.75098 733.26221 209.08204 734.09375 210.72852 C 736.47754 215.45118 742.417 217.44434 745.04102 222.04297 C 745.50196 222.84961 745.75488 223.90137 746.15039 224.75391 C 747.7329 228.1665 748.92431 231.61084 750.30859 235.11328 C 751.28223 237.57617 752.14063 240.19629 753.21875 242.60352 C 753.66162 243.59131 754.39502 244.61914 754.74219 245.63086 C 755.76514 248.60986 756.20654 254.07276 757.23828 257.26758 C 758.20801 260.26905 760.24609 265.06836 762.08789 267.62695 C 762.61475 268.35889 763.35255 268.97315 763.89062 269.69922 C 764.93115 271.104 765.57618 272.62451 767.07812 273.68359 C 767.29251 273.83446 771.83299 276.35938 771.92969 276.39258 C 774.82471 277.39159 781.41455 277.57958 784.49414 277.29688 C 787.17773 277.0503 789.64062 277.26417 792.30078 276.55273 C 798.92725 274.77978 809.59717 266.49805 814.19922 261.41016 C 817.16357 258.13282 819.47364 254.1665 822.6543 251.05078 C 825.7168 248.05176 829.04639 245.10107 831.80078 241.80664 C 833.52393 239.74561 835.07813 237.47949 836.79102 235.43164 C 837.35645 234.75488 838.19824 234.21484 838.73047 233.51953 C 839.18408 232.92626 839.40429 232.06153 839.83984 231.44727 C 840.89648 229.95606 842.3335 228.73047 843.30469 227.14258 C 844.28662 225.53809 845.04004 223.80862 846.07617 222.20312 C 847.68994 219.70166 848.71142 217.56738 849.95703 214.87109 C 850.26855 214.19628 850.82422 213.48926 851.06445 212.79883 C 852.02149 210.04785 852.6294 205.54102 852.86719 202.59961 C 853.34717 196.66065 849.7915 180.78271 847.04688 175.3457 C 846.25486 173.77833 845.06885 172.36621 844.13477 170.88281 C 843.15772 169.33105 842.3125 167.74903 841.22461 166.25977 C 839.16015 163.43262 836.74512 160.82032 834.71094 157.97266 C 833.18604 155.83838 831.82666 153.45605 830.13867 151.4375 C 829.61132 150.80664 828.86133 150.3169 828.33594 149.68555 C 827.22754 148.35254 826.47119 146.61768 825.42578 145.22266 C 824.33203 143.76417 823.00684 142.54248 822.09961 140.91992 C 821.72167 140.24316 821.54688 139.32812 821.12891 138.6875 C 820.60987 137.8916 819.74902 137.23437 819.18945 136.45703 C 818.1665 135.03515 817.63379 133.27392 816.69531 131.83398 C 816.1914 131.062 815.3501 130.39307 814.89258 129.60352 C 814.45655 128.85206 814.34717 127.81347 813.92188 127.05273 C 812.53175 124.56591 809.08447 120.96533 807.26953 118.60547 C 805.65234 116.50293 804.44774 113.95459 802.97461 111.75195 C 802.01366 110.31592 800.67138 109.14258 799.64648 107.76758 C 796.57861 103.65186 793.80323 98.584973 791.05469 94.220703 C 788.52051 90.196543 784.24218 85.400876 781.21484 81.628906 C 778.97802 78.842536 777.44726 75.430422 775.39453 72.544922 C 773.92481 70.479492 772.24023 68.491701 770.68164 66.488281 L 770.95898 66.488281 C 769.54736 65.632321 768.41554 64.276364 767.07812 63.458984 C 766.07862 62.848634 764.54589 62.375981 763.42773 62.025391 C 761.29162 61.355321 759.57101 61.037563 757.97852 61.033203 z M 721.20312 73.660156 C 718.55273 74.534176 717.1582 77.626706 716.21484 80.035156 C 714.95312 81.286856 711.89163 81.645027 710.25586 81.310547 C 708.62988 80.978267 707.07275 79.663577 704.98828 79.398438 C 701.16504 80.673096 698.55713 82.324711 695.14844 84.337891 L 694.31641 87.367188 C 694.84376 88.785646 696.55224 90.562016 697.91992 91.191406 L 701.38477 91.511719 C 703.33741 93.280519 705.10107 95.768314 705.68164 98.365234 C 707.10986 100.04492 711.27296 101.66113 713.44336 101.55273 C 717.0332 101.37305 719.23144 99.44239 723.14453 100.5957 C 728.0459 102.04102 728.2124 108.35791 733.95508 108.56445 C 737.10938 107.70701 743.49121 104.18213 745.5957 101.71094 L 744.625 99.162109 C 743.6416 98.564449 741.06641 96.570557 740.46875 95.654297 C 739.21436 93.730717 737.6128 87.555906 736.31055 84.816406 C 734.82374 83.897466 732.78418 83.126217 731.04492 82.904297 L 729.24219 80.513672 C 729.35303 78.651862 728.84424 76.063231 727.85547 74.457031 C 725.63233 74.296871 723.40137 74.029056 721.20312 73.660156 z M 682.81445 105.37695 L 679.76562 106.01367 C 679.81444 108.95215 681.78564 114.6958 683.64453 117.01172 C 684.81445 118.46876 686.09766 119.16113 686.97266 120.99609 C 687.5332 122.17187 688.9209 125.62842 689.05078 126.73438 C 689.28462 128.72364 688.17385 129.91649 689.32812 133.10938 C 694.67188 134.08692 697.94141 130.11817 701.38477 126.89258 C 702.68653 125.67285 704.02003 124.50879 705.26562 123.22656 C 702.9707 121.79151 700.58985 120.34863 698.19727 119.08398 C 697.38575 118.65527 696.31103 118.31836 695.56445 117.80859 C 694.33007 116.96581 693.00341 115.16797 692.37695 113.82422 C 692.06787 113.6748 689.89403 112.667 689.74414 112.54883 C 688.55175 111.60596 687.87451 109.80762 686.83398 108.72461 C 685.6875 107.53174 684.06884 106.49755 682.81445 105.37695 z M 716.21484 131.03711 C 713.02587 132.52002 708.86524 132.89752 705.4043 132.94922 C 703.95801 135.19337 703.89111 139.63379 705.95898 141.55664 C 707.97362 141.92041 710.85352 141.76123 712.75 140.91992 C 713.27735 142.33838 714.98536 144.11523 716.35352 144.74414 C 721.13428 145.29981 724.65869 140.44629 727.71875 137.41211 L 727.44141 134.06445 C 725.56983 134.52441 722.87891 134.4331 721.06641 133.74609 L 719.26367 131.67383 L 716.21484 131.03711 z M 690.57422 142.03516 C 690.46143 142.01566 687.6836 142.32422 687.38672 142.35352 C 688.70801 144.58985 690.16161 146.97315 692.09961 148.72852 L 695.00977 149.52539 C 697.02491 151 697.70166 155.59131 696.39648 157.6543 L 697.50586 160.68164 C 701.60401 159.7832 704.79297 159.58887 707.62305 156.06055 L 707.76172 152.39453 C 704.26611 148.36914 700.75391 147.64845 696.53516 145.22266 C 694.66504 144.14747 692.80615 142.40918 690.57422 142.03516 z " />
		
	</svg>
