<?xml version="1.0" encoding="UTF-8" standalone="no"?>
<!-- Created with Inkscape (http://www.inkscape.org/) -->

<svg
   width="573.08746mm"
   height="287.86667mm"
   viewBox="0 0 573.08746 287.86667"
   version="1.1"
   id="svg5"
   inkscape:version="1.2.1 (9c6d41e410, 2022-07-14)"
   sodipodi:docname="2022 Latvian election.svg"
   xmlns:inkscape="http://www.inkscape.org/namespaces/inkscape"
   xmlns:sodipodi="http://sodipodi.sourceforge.net/DTD/sodipodi-0.dtd"
   xmlns="http://www.w3.org/2000/svg"
   xmlns:svg="http://www.w3.org/2000/svg">
  <sodipodi:namedview
     id="namedview7"
     pagecolor="#ffffff"
     bordercolor="#666666"
     borderopacity="1.0"
     inkscape:pageshadow="2"
     inkscape:pageopacity="0.0"
     inkscape:pagecheckerboard="0"
     inkscape:document-units="mm"
     showgrid="false"
     inkscape:zoom="0.50000001"
     inkscape:cx="1178"
     inkscape:cy="790.99998"
     inkscape:window-width="1920"
     inkscape:window-height="991"
     inkscape:window-x="-9"
     inkscape:window-y="-9"
     inkscape:window-maximized="1"
     inkscape:current-layer="g4892"
     inkscape:snap-nodes="true"
     inkscape:showpageshadow="2"
     inkscape:deskcolor="#d1d1d1" />
  <defs
     id="defs2" />
  <g
     inkscape:label="Layer 1"
     inkscape:groupmode="layer"
     id="layer1"
     transform="translate(393.26605,247.49484)">
    <g
       inkscape:label="Layer 1"
       id="layer1-8"
       transform="translate(-161.58545,-233.17551)">
      <path
         style="fill:#ffa54c;fill-opacity:1;stroke:#ffffff;stroke-width:0.264583;stroke-linejoin:round;stroke-miterlimit:4;stroke-dasharray:none"
         d="m 293.67199,100.90456 c -0.0355,0.33892 -0.26768,2.64085 -0.26768,3.14245 0,0.54226 -0.20362,0.74543 -0.61031,0.94878 -0.40667,0.20334 -0.94877,0.40669 -0.94877,0.40669 l -0.678,0.67799 -1.35546,0.1354 -0.47439,0.2713 -0.13592,1.89807 c 0,0 -0.88109,0.0677 -1.28778,0.0677 -0.40669,0 -0.40669,0.94878 -0.40669,0.94878 0,0 -0.0222,-0.002 -0.061,-0.005 -0.18547,-0.008 -0.73803,-0.0352 -1.01648,0.0217 -0.3389,0.0678 -0.54784,0.59377 -0.88678,0.59377 -0.3389,0 -0.61028,-0.47491 -0.61028,-0.47491 l -0.0677,-1.15187 -0.61029,-0.2036 -0.7457,-0.1354 -0.20309,1.35548 -1.49138,0.40669 -0.54208,0.6103 -0.61031,-0.20361 -0.60979,-1.08469 c 0,0 -0.74575,-0.54216 -1.08468,-0.88108 -0.33888,-0.3389 -0.88099,-0.13564 -1.35546,0.0677 -0.47446,0.20335 -1.55909,1.42369 -1.55909,1.42369 l 0.13539,0.67799 c 0,0 -1.01656,0.27079 -1.35546,0.27079 -0.33893,0 -1.01701,-0.27079 -1.01701,-0.27079 l -0.54208,1.28778 -1.08468,-0.2713 c 0,0 -0.47443,0.61012 -0.88109,0.74569 -0.24945,0.084 -0.39539,0.19247 -0.53639,0.27647 -0.0873,0.0569 -0.17044,0.10583 -0.27699,0.13023 -0.27117,0.0678 -0.61013,0.27137 -0.7457,0.61029 -0.13555,0.33891 -0.47427,0.88082 -0.94877,1.08417 -0.47448,0.20335 -0.60984,0.81347 -0.94877,1.15239 -0.33896,0.33891 -0.0682,0.88108 -0.0682,0.88108 -3e-5,0 -0.94877,0.33926 -1.35549,0.5426 -0.40669,0.20335 -1.35546,2.37246 -1.35546,2.37246 l -0.61031,0.94878 c 0,0 -0.54217,0.54226 -0.88108,0.81339 -0.0837,0.0645 -0.20557,0.16744 -0.34313,0.2837 h -0.002 c -0.42866,0.36331 -1.01079,0.86765 -1.01079,0.86765 l -0.6103,2.77916 -0.74518,0.60978 -0.2713,0.6103 h -0.88108 c 0,0 -0.74559,0.33889 -1.22008,0.40669 -0.47446,0.0678 -0.40662,0.47429 -0.88108,0.94878 -0.47448,0.47448 -0.47491,0.74569 -0.47491,0.74569 0,0 0.47456,0.20326 0.74569,0.47439 0.27112,0.27113 -0.0679,0.47439 -0.339,0.88109 -0.27112,0.4067 -0.33848,0.6103 -0.33848,0.6103 l -0.003,0.0677 h 0.003 v 0.60978 c 0,0 0.60997,0.068 0.88109,-0.13539 0.27115,-0.20337 0.94896,-0.27104 1.22008,-0.0677 0.27115,0.20334 0.67784,0.67792 0.40669,1.15186 -0.27112,0.47448 -0.47439,1.08417 -0.47439,1.08417 0,0 -0.20361,0.40669 0.20309,0.81339 0.4067,0.40669 0.88108,0.6103 0.88108,0.6103 l 1.35599,0.13539 c 0,0 0.0677,0.67807 0.0677,1.017 0,0.33891 -1.1e-4,0.81346 0.0677,1.15238 0.0678,0.33892 0.20324,0.67756 0.47439,1.01647 0.17839,0.22449 0.53904,0.39176 0.62064,0.69298 v 0 c 0.0434,0.15401 0.0137,0.34418 -0.14625,0.59687 -0.47449,0.74562 -0.67737,1.21998 -1.15187,1.28777 -0.35002,0.048 -0.62973,0.24944 -0.7493,0.34624 l 5.3e-4,0.001 c -0.0436,0.0383 -0.0646,0.0599 -0.0646,0.0605 l -0.55345,0.7369 0.01,0.008 -0.74517,1.08418 -2.71146,3.93154 -2.91455,3.32124 c 0,0 0.33889,0.54217 0.40669,0.88108 0.0678,0.33892 -0.0678,0.54209 -0.40669,0.94878 -0.33891,0.4067 -0.33885,0.81381 -0.47439,1.2883 l -0.003,0.0124 0.008,0.003 v 0.001 l -0.008,-0.003 c -0.0217,0.0751 -0.0354,0.15181 -0.0434,0.22532 -0.0377,0.38176 0.0928,0.74808 0.31781,1.25212 0.27111,0.61005 0.27121,1.01707 -0.0677,1.35599 -0.3389,0.33891 0.0677,0.88108 0.0677,0.88108 l -0.0677,0.33899 0.6103,0.60979 c 0,0 0.0677,0.40678 0.0677,0.74569 0,0.33892 -0.5426,0.47439 -0.5426,0.47439 0,0 -1.21974,-1.1e-4 -1.89756,0.0677 -0.67783,0.0678 -0.33881,0.4749 -0.47439,0.8816 -0.13555,0.4067 -0.0682,0.74517 0.33848,1.15187 0.21421,0.21392 0.33591,0.29856 0.40101,0.32866 -0.0125,0.23046 -0.0802,1.09177 -0.19792,1.50172 -0.13555,0.47448 -0.4067,0.88108 -0.4067,0.88108 0,0 -0.27129,-0.20333 -0.67799,-0.81338 -0.4067,-0.61005 -0.94878,0.13539 -0.94878,0.13539 l -1.55908,-0.20309 -0.54208,0.47439 h -0.8816 c 0,0 -0.20299,0.47456 -0.27079,0.74569 -0.0678,0.27113 -0.47438,1.01655 -0.88108,1.35547 -0.4067,0.33891 -0.4745,0.47457 -0.4067,0.74569 0.0678,0.27114 0.60979,0.47439 0.60979,0.47439 l 0.13539,-0.54208 5.3e-4,5.3e-4 c 0,0 0.33832,0.13711 0.47387,0.40824 0.13558,0.27114 0.13539,0.60978 0.13539,0.60978 h -2.36574 v -0.001 h -0.61547 l -0.13591,-0.6103 -1.82986,0.2713 -0.339,-0.6103 -1.49138,0.339 -0.40669,0.74569 c 0,0 -0.88118,0.88133 -1.22009,1.08469 -0.33891,0.20334 -0.81338,0.67748 -0.81338,0.67748 0,0 -0.88126,0.27113 -1.15239,0.40669 -0.27107,0.13554 -0.74511,0.47487 -0.74511,0.47487 l -0.0682,-1.76268 -0.74518,-0.81339 c 0,0 -0.27146,-0.20326 -0.5426,-0.47439 -0.27113,-0.27113 -0.47422,-0.67789 -0.60978,-1.15238 -0.13557,-0.47448 -0.13564,-0.74535 -0.74569,-1.01648 -0.61006,-0.27113 -0.5426,0.20309 -0.5426,0.20309 l -1.01648,-0.60978 c 0,0 -0.13574,0.47404 -0.2713,0.74517 -0.13557,0.27115 -0.4067,0.74569 -0.4067,0.74569 l -1.15238,0.13592 -0.20309,1.28777 c 0,0 -0.20325,0.33882 -0.88108,0.88108 -0.67784,0.54228 -0.0682,1.017 -0.0682,1.017 l -0.94878,0.74517 c 0,0 -0.88117,1.35608 -1.22008,1.69499 -0.33892,0.33891 -1.76217,1.01647 -1.76217,1.01647 l -0.6103,0.54209 c 0,0 -0.0184,0.0185 0.0212,0.0646 0.0653,0.0705 0.28495,0.201 0.99478,0.41031 1.15233,0.33892 0.88082,0.47447 1.08417,0.81339 0.20335,0.33892 0.4748,0.54217 0.5426,0.88108 0.0678,0.33891 0.13521,0.67756 0.27078,1.82987 0.13557,1.15232 0.40704,2.16945 0.54261,2.50837 0.13556,0.33891 0.339,0.94877 0.339,1.35547 -1e-5,0.40671 0.20299,1.21991 0.67747,1.76217 0.47448,0.54227 -0.20317,1.2882 -0.54208,1.76268 -0.33892,0.47448 -0.13539,0.60995 -0.13539,1.28778 -1e-5,0.67783 0.94877,1.08469 0.94877,1.08469 0,0 0.74578,0.33883 1.08469,0.47439 0.33892,0.13557 1.08435,0.40635 1.35548,0.67748 0.27113,0.27114 1.15238,1.55907 1.15238,1.55907 l 0.54209,0.339 c -0.0423,-0.0434 -0.0677,-0.0677 -0.0677,-0.0677 l 5.3e-4,-5.3e-4 0.0682,0.0677 c 0.18166,0.18952 0.69067,0.72646 0.74518,0.94878 0.0678,0.27114 0.61012,0.81338 0.74569,1.22008 0.13556,0.4067 0.13591,0.81348 0.13591,1.15239 0,0.33892 0.0677,2.0338 0.0677,2.57607 0,0.25731 0.0168,0.43646 -0.0114,0.55603 -0.0325,0.13086 -0.11437,0.18759 -0.32763,0.18759 -0.40669,0 -0.2713,-0.13556 -0.2713,-0.40669 0,-0.27113 -0.0677,-1.49138 -0.0677,-1.49138 0,0 2.6e-4,-0.40645 -0.27079,-0.60979 -0.27111,-0.20336 -0.20343,-0.47456 0.0677,-0.74569 0.27113,-0.27113 0,-0.47446 0,-0.81339 0,-0.33891 -0.13556,-0.61003 -0.40669,-0.81338 -0.27113,-0.20334 -0.67799,-0.2713 -1.08469,-0.2713 -0.4067,0 -0.40677,0.13547 -0.74569,0.47439 -0.33891,0.33893 -0.47439,0.2713 -0.47439,0.2713 0,0 -0.0676,-0.47481 -0.1354,-0.9493 -0.0678,-0.47448 -0.0682,-0.67748 -0.0682,-0.67748 h -1.28777 l -3.52434,3.18586 c 0,0 0.27114,0.20325 0.4067,0.47439 0.13557,0.27112 0.27096,0.67782 0.13539,1.22008 -0.13557,0.54227 -1.08469,0.74569 -1.08469,0.74569 l -0.40669,-0.88109 -0.60979,0.0677 -0.40669,1.15239 c 0,0 -0.13598,0.40643 -0.4749,0.60977 -0.33889,0.20337 -0.4067,0.0677 -0.4067,0.0677 0,0 -0.40643,0.54268 -0.60978,0.8816 -0.20335,0.3389 -0.27129,0.4745 -0.67799,0.40669 -0.4067,-0.0678 -0.54209,-0.40669 -0.54209,-0.40669 l 0.20309,-0.6103 -1.22008,-0.94877 c 0,0 -0.0164,0.0111 -0.046,0.0284 l -0.003,0.003 c -0.22504,0.13312 -1.13572,0.67268 -1.37459,0.85163 -0.27113,0.20334 -0.54208,0.54199 -0.94878,1.01647 -0.4067,0.47448 -0.74569,0.339 -0.74569,0.339 l -0.20309,-0.81339 c 0,0 -0.47448,-0.54241 -0.81339,-1.08469 -0.33892,-0.54225 -0.81346,-0.94877 -1.15238,-1.35547 -0.33891,-0.4067 -0.81373,-0.54249 -1.35599,-0.61029 -0.54227,-0.0678 -0.67748,0.1359 -0.67748,0.5426 0,0.40669 0.54209,0.67748 0.54209,0.67748 l 0.33899,0.74568 h 0.54209 l 0.13591,0.4067 -1.35599,0.5426 c 0,0 -0.0675,0.40643 -0.20309,1.01648 -0.13556,0.61005 -0.6103,0.6103 -0.6103,0.6103 l -0.14418,0.004 c 0.14126,0.24672 0.29662,0.51451 0.4067,0.62839 0.2874,-0.0645 0.803,0.10318 1.04593,0.23874 0.4449,0.526 0.25778,0.91691 0.53433,1.35858 0.10656,0.16566 0.6949,0.65341 0.87385,0.81338 0.87793,0.4067 1.66232,0.69179 2.67581,1.04128 0.40859,0.29797 0.8601,0.71886 1.30638,0.95447 0.15265,0.0808 1.53483,0.72062 1.57303,0.75292 0.035,0.0323 1.17607,1.63068 1.28209,1.77302 l 0.12971,0.18139 c 0.76459,1.07964 1.51037,2.29415 2.34818,3.3109 0.0539,0.0632 2.64086,2.11863 2.74091,2.18643 0.24348,0.16268 1.52662,0.79734 1.64538,0.90796 0.005,0.006 0.99227,1.46555 1.01337,1.50895 0.096,0.18898 0.2577,0.77505 0.4315,1.44746 h 0.003 l 0.0357,-0.0109 -5.3e-4,0.001 -0.0357,0.0103 c 0.23561,0.90559 0.49945,1.96009 0.64234,2.38332 0.0184,0.054 0.0737,0.12752 0.10335,0.17932 0.29608,0.51217 0.60676,1.25742 0.98444,1.7048 0.0323,0.0401 0.50674,0.40117 0.57774,0.45837 0.10004,0.0756 0.64953,0.51955 0.66663,0.52555 0.57263,0.10873 1.1473,0.20625 1.72237,0.30955 0.40074,0.55853 1.42353,2.0356 1.38803,2.7869 l 0.18139,0.0434 c 0.0895,0.022 0.70554,0.18655 0.75654,0.18655 0.31451,0.009 0.70765,-0.17126 1.01647,-0.14365 0.53413,0.0494 1.18725,0.27139 1.803,0.4563 1.02515,0.80282 2.26379,1.25522 3.25613,2.06292 1.12792,-0.10792 2.145,-0.12945 3.28403,-0.11886 l 0.19999,-0.28783 c 0.94895,-1.36163 0.83187,-1.44077 2.09806,-2.31924 1.24828,0.10331 2.3896,0.73232 3.50315,1.24178 0.51516,0.23615 1.87865,0.27396 2.42362,0.0305 0.37444,-0.79171 1.70569,-1.28805 2.52181,-1.32085 0.21119,-0.21853 0.75923,-0.69283 0.82373,-0.93224 0.38096,-1.36705 1.41284,-4.50029 2.47891,-5.40587 0.63907,-0.54227 1.46346,-0.97111 2.06241,-1.54564 l 0.0651,-0.0703 0.003,-0.002 c 0.30801,-0.36332 0.37193,-0.95974 0.97927,-1.34204 1.08155,-0.33891 2.24741,-0.1952 3.29127,0.20309 0.82264,-0.3362 1.43695,-1.1655 2.14974,-1.69447 l 1.88465,-0.11885 c 0.47665,0.30067 1.04889,0.98441 1.22783,1.52342 1.03846,0.22803 1.59491,1.34076 2.31613,1.99419 0.23564,0.21718 1.495,1.06557 1.8583,1.08727 0.54849,0.0355 1.11274,-0.1791 1.57663,-0.42013 0.89448,-0.46635 1.02433,-0.4831 1.59372,-1.1715 0.20333,0.0192 0.4989,-0.0436 0.70797,-0.062 0.29279,0.26598 0.60627,0.6568 0.96687,0.82734 0.79086,0.37442 1.56138,0.71731 2.44583,0.82062 1.74472,0.20064 3.49181,0.38539 5.2374,0.56379 0.0355,0 0.66016,-0.19284 0.71676,-0.21394 0.5008,-1.00563 1.16718,-2.64594 1.34151,-3.64371 0.0355,-0.20063 -0.31125,-3.53539 -0.36845,-4.06383 l 0.40669,-0.53951 c 1.05227,-1.39905 0.87053,-1.26884 1.3312,-2.79776 1.20065,-1.06243 2.58275,-1.9326 3.90569,-2.83238 v 5.3e-4 c 0.0356,-0.0238 0.071,-0.0485 0.10647,-0.0734 0.54356,-0.37118 1.44616,-0.64742 2.07272,-0.92398 l 0.67077,-0.96376 -0.39584,-0.48783 c 0.19958,-0.32997 0.40124,-0.66102 0.58859,-0.99994 -0.18544,-0.19576 -0.80618,-0.88128 -0.74567,-1.19579 0.63336,-0.34949 1.70757,-0.30582 2.42361,-0.37362 0.3769,-0.61575 1.2065,-0.72421 1.83554,-0.88987 0.2798,-0.0732 1.13941,-0.63732 1.38288,-0.84853 0.16782,-0.4856 0.65598,-1.31663 0.75602,-1.70842 0.0724,-0.28469 0.005,-0.661 0.0522,-0.95653 0.035,-0.21176 0.47207,-1.08454 0.61545,-1.26349 0.55938,-0.23046 1.0383,-0.52073 1.62935,-0.69453 0.49131,0.15292 0.96788,0.54516 1.50225,0.48576 l 0.40979,-0.55346 0.85164,-0.20773 -0.008,-0.031 v 5.3e-4 l 0.008,0.0305 0.75705,-0.18139 c 0.5257,-0.58835 1.04871,-1.10053 1.29813,-1.87895 0.84352,-0.37389 1.72752,-0.61017 2.56262,-1.02474 0.12933,-0.98178 0.0895,-2.535 1.20303,-2.9962 -0.14126,-0.27656 -0.37928,-0.57298 -0.61547,-0.77308 -0.18164,-0.76188 1.82735,-3.25589 2.27687,-3.90416 v -0.34416 c 0,-0.3579 -0.34697,-0.84826 -0.51263,-1.17254 -0.41457,-0.80797 -0.71443,-1.6131 -0.97824,-2.48099 -0.11655,-0.38447 -0.21389,-0.91118 -0.38497,-1.27124 -0.39563,-0.84214 -0.94247,-1.70282 -1.45574,-2.48667 0.29364,-0.34949 0.48017,-0.57181 0.62683,-0.79685 l -0.0356,-0.0217 v -0.002 l 0.0351,0.0217 c 0.19495,-0.29282 0.32557,-0.5837 0.53949,-1.15497 -0.18949,-0.8218 -0.12766,-1.85489 -0.31419,-2.57556 -0.0848,-0.32825 -1.58864,-2.35521 -2.31767,-3.33158 -0.17841,-0.24239 -0.31211,-0.41846 -0.3633,-0.49195 -0.0188,-0.0244 -0.10851,-0.34952 -0.13023,-0.42272 0.0949,-0.25785 0.17994,-0.55322 0.29871,-0.79995 l -0.27389,-0.50178 c -0.26922,-0.0165 -0.64561,-0.27674 -0.78394,-0.50177 l -0.11885,-0.81339 c 0.2172,-0.45062 1.27984,-0.914 1.71151,-1.04387 0.0922,-0.84078 0.10536,-1.36386 -0.23926,-2.19108 -0.69572,-0.3823 -1.60547,-0.672 -2.38278,-0.81028 -0.30208,-0.054 -0.6844,0.0192 -0.97722,-0.0543 -0.0322,-0.008 -0.61259,-0.38786 -0.73432,-0.46406 l -0.0243,-0.12402 c -0.17378,-0.80554 -0.39034,-1.52405 -0.69969,-2.28565 -0.0868,-0.21637 -0.22752,-0.4505 -0.28991,-0.67283 -0.22257,-0.76133 0.11615,-1.54839 -0.30953,-2.40192 -0.21119,-0.42323 -0.82368,-1.03293 -1.18703,-1.33687 l -0.003,-0.20619 v -0.002 c 0,-0.4555 0.0188,-0.89741 0.046,-1.35806 l -0.41238,-0.24185 c -0.14613,-0.0813 -0.40248,-0.18145 -0.51366,-0.2899 -0.41728,-0.4067 -0.16034,-0.37987 -0.82167,-0.84594 -0.70223,-0.49618 -0.89773,-0.52547 -1.30172,-1.27435 -0.0434,-0.0838 -0.2354,-0.2195 -0.22479,-0.2713 0.22233,-1.08534 0.17558,-1.06647 1.07384,-1.71204 0.25813,-0.18599 0.51162,-0.38065 0.80769,-0.50022 -0.0678,-0.47014 -0.19563,-1.73242 0.13542,-2.09032 l 0.77358,-0.19275 c 0.12237,-0.29825 0.15386,-0.87829 -0.0135,-1.1684 -0.14721,-0.0797 -0.33851,-0.22492 -0.49144,-0.26562 -0.74562,-0.19901 -1.9255,0.33507 -2.54611,-0.35605 -1.04955,-1.17129 -0.80796,-1.90206 -2.44014,-3.22926 -0.65429,0.008 -1.39962,0.12892 -2.01539,-0.0961 -0.0164,0.34949 -0.0568,0.71701 -0.37724,0.94206 -0.32237,-0.054 -0.60471,-0.11146 -0.93792,-0.0543 -0.24673,0.14614 -0.4988,0.36331 -0.68885,0.57723 -0.90828,-0.0678 -1.14128,-0.17303 -1.98747,0.16588 l -0.90281,1.29036 -0.79631,0.0274 -0.003,-10e-4 -0.13023,0.006 c -0.003,-0.19007 -0.0322,-0.41519 0,-0.59686 0.0757,-0.42567 0.1469,-0.80796 0.29303,-1.22008 0.0274,-0.0803 0.0734,-0.12309 0.0734,-0.20929 l -0.14264,-0.82682 c -0.15015,-0.86355 -0.25627,-1.77358 -0.004,-2.62982 0.78084,-0.7852 1.70891,-0.88473 2.24276,-1.44436 0.35034,-0.73747 0.52568,-1.9137 0.34727,-2.71869 0.6827,-0.94625 0.52051,-2.07168 -0.53176,-2.64377 -0.008,-0.0298 -0.0132,-0.0596 -0.019,-0.0894 v 0 c -0.1765,-0.94897 0.48871,-1.81896 0.58603,-2.77605 l 0.58031,-0.30903 c 0.0379,-0.90558 0.19597,-1.8113 0.30334,-2.71146 l -0.27646,-0.45579 -0.84283,0.0248 -0.17571,-0.37724 c 0.0711,-0.64529 0.83187,-0.91926 1.1312,-1.43712 0.48966,-0.85678 0.14803,-0.81326 0.96686,-1.64021 0.0217,-0.0217 0.0758,-0.0356 0.10335,-0.0491 0.68652,-0.33621 1.15813,-0.69962 1.75493,-1.18494 0.36872,-0.30096 1.97101,-5.92665 2.22829,-6.77529 0.0895,-0.29011 0.0373,-0.60493 0.0548,-0.90589 l 0.0563,-0.92449 v -5.3e-4 c -0.0493,-0.99777 -0.57494,-2.88211 -1.19475,-3.67626 -0.67268,-0.27385 -1.33924,-0.56667 -2.01435,-0.83509 -1.07993,-1.90877 -1.51829,-1.95988 -3.42408,-2.88716 -0.0702,-0.0325 -0.39103,-0.19544 -0.71882,-0.36897 z m 0.077,27.2898 -0.60926,0.4067 v 0 z"
         id="Latgale"
         inkscape:connector-curvature="0"
         sodipodi:nodetypes="csccccccscccscccccccccccccscccccccccccccccccccccccccccccccccccccscccccccccccccccccccccccccccscccccccccccccccccccccccccccccccccccccccccccccccccccccscccccccscccccccsscssccsscsccccccccccccccccccccccccccccsccccccccccccccccccccccccccccccccccccccccccccccccccccccccccccccccccccccccccccccccccccccccccccccsccccccccccccccccccccccccccccccccccccccccccccccccccccccccccccccccccccccccccccccccccccc" />
      <path
         style="fill:#4e9136;fill-opacity:1;stroke:#ffffff;stroke-width:0.265;stroke-linejoin:round;stroke-miterlimit:4;stroke-dasharray:none"
         d="m 181.53982,48.16928 -0.5426,0.03514 c -0.24348,0.42296 -0.50213,0.735179 -0.81339,1.068669 -0.0765,0.08134 -0.15703,0.165381 -0.24133,0.252181 l -0.68833,0.05684 c -0.52681,0.46906 -0.84117,1.147183 -1.25573,1.708423 -0.21855,0.29283 -0.50114,0.544855 -0.71831,0.837674 -0.26056,0.355191 -0.49016,0.759357 -0.73174,1.128097 -0.0114,0.01898 -0.46887,0.344109 -0.54777,0.401009 l -0.12712,0.0083 c -0.72392,0.02711 -2.34301,0.06761 -2.93626,0.355017 -1.18241,0.57751 -1.86315,1.336469 -3.24321,1.718759 -0.19181,0.05416 -0.39256,0.057 -0.60358,0.02997 h -5.3e-4 c -0.91333,-0.111349 -1.97629,-0.780877 -3.13572,-0.360702 -0.61004,0.22233 -1.17404,1.00576 -1.2852,1.64021 -0.41185,0.04067 -0.83779,0.08712 -1.24178,0.179318 -0.21446,0.33078 -0.27671,0.509786 -0.61237,0.723986 -0.25513,-0.01356 -1.00098,-0.656269 -1.1932,-0.843359 l -0.79427,0.282153 c -0.28496,0.37416 -0.65087,0.940528 -1.06299,1.170988 -0.75673,-0.14641 -0.90109,-1.182257 -1.72289,-1.271757 l -0.0997,0.03824 0.0388,0.100252 h -5.3e-4 l -0.0387,-0.100252 c -0.99777,0.36332 -2.01476,0.770143 -2.84686,1.447974 -0.17651,0.143698 -0.31755,0.374085 -0.49919,0.506945 -0.6236,0.44736 -1.38818,0.829763 -2.06602,1.195793 -0.36791,0.66156 -0.2956,1.903075 -0.339,2.675806 -0.54959,0.16268 -1.54189,0.545067 -1.9513,0.976167 -0.85135,-0.44194 -1.54015,-0.686083 -2.45929,-0.810803 l -0.57464,1.014408 0.29301,0.680579 c -0.48533,0.63445 -0.24035,1.360931 -0.59635,2.025199 0.43734,1.22552 0.14896,4.481613 0.60203,5.059123 l -0.25115,0.523999 -0.14934,3.88245 c 1.19569,0.848651 1.03271,4.316534 1.82469,5.975863 -0.20959,0.932701 -0.52923,1.962869 -0.64853,2.903699 0,0.05151 0.13264,0.994838 0.14624,1.09244 0.008,0.06507 -0.24937,1.589162 -0.27647,1.762684 0.35003,0.593778 0.87534,2.356038 0.93224,2.957957 0.0599,0.64258 -0.16789,1.399032 -0.15709,2.055172 0,0.09218 0.18432,0.58312 0.19792,0.710552 0.0597,0.525999 0.0404,1.100521 0.0594,1.631942 0.003,0.05423 0.0204,0.111281 0.0274,0.162779 0.18459,1.103188 0.46092,2.287704 0.61547,3.426148 h -5.3e-4 c 0.0407,0.273841 0.0708,0.547677 0.0925,0.813387 0.0813,1.027591 0.0137,2.155961 -0.0243,3.232361 l 0.0837,0.003 v 5.3e-4 l -0.0837,-0.003 c -0.0109,0.30909 -0.0218,0.6128 -0.0248,0.91106 -0.0109,0.88659 0.38788,2.28287 0.48008,3.22099 0.0786,0.81339 -0.26046,2.52714 -0.68885,3.21582 -0.20091,0.32265 -0.54763,0.59101 -0.73742,0.91364 -0.0895,0.15455 -0.279,0.84071 -0.3576,0.95188 -0.45279,0.63987 -1.26642,1.19009 -1.80868,1.78387 h 5.3e-4 l -0.0191,0.0217 h 5.3e-4 l -0.55655,0.70228 c -0.63174,0.55311 -1.37373,1.05193 -2.04071,1.56166 l 0.13178,0.53124 -0.33073,0.008 -0.18449,-0.11369 -0.2775,0.10542 c -0.32807,0.68326 -0.60511,0.7187 -0.97358,1.1498 -0.62333,0.73206 -0.90282,1.35822 -1.78129,2.0252 -0.4311,0.32807 -0.98095,0.5397 -1.42317,0.85421 -0.10004,0.0732 -0.47169,0.51196 -0.54518,0.54726 -0.45008,0.23588 -0.92466,0.35281 -1.40457,0.5426 l 0.0181,0.0491 0.2713,1.01648 h 0.67799 l 0.339,0.2713 0.27078,1.22008 0.54054,0.0429 v 10e-4 l 1.15239,0.0925 0.47439,0.88108 -0.1354,1.01699 0.94878,0.88109 2.64377,0.60978 0.60978,0.9493 0.47439,0.27078 0.339,1.15239 0.54208,0.1359 -0.0181,0.0961 0.001,5.3e-4 -0.1173,0.57981 -0.88108,0.13591 -0.339,0.81339 -0.94878,-0.2713 -0.339,0.54208 -0.5426,-0.20309 -0.20309,0.94878 -0.67799,0.20361 0.40669,0.47439 -0.40669,1.08469 0.40669,0.33848 -0.40566,0.40514 0.85214,1.47484 0.84233,0.69454 0.46095,0.29972 5.3e-4,-5.3e-4 0.0868,0.0569 0.94878,0.44235 0.74001,-0.11886 -0.43357,0.55862 -0.71313,0.0677 c 0,0 -0.27147,-0.0355 -0.9493,-0.17105 -0.67783,-0.13555 -0.68342,0.0868 -0.88677,-0.31988 -0.20334,-0.4067 -0.70504,-0.59366 -0.97617,-0.66146 -0.25198,-0.0631 -0.77754,-0.25716 -1.12189,-0.66869 -0.0252,-0.0301 -0.0496,-0.0603 -0.0713,-0.092 -0.33892,-0.47448 -0.74552,-0.74577 -0.88109,-1.08469 -0.13556,-0.33892 -0.61029,-0.81339 -0.61029,-0.81339 l -1.017,1.22008 -0.47439,-0.81338 -0.74569,0.54208 -0.74517,0.2713 0.27078,0.74569 -0.40049,0.11369 v -0.001 l -0.54777,0.1571 h -0.81339 l 0.005,-0.0305 0.40101,-1.9327 -1.35599,-0.5426 c 0,0 -0.0679,-0.20316 -0.2713,-0.54208 -0.20335,-0.33894 -0.47447,-0.27131 -0.81339,-0.27131 -0.33891,0 -0.74517,-0.0677 -0.74517,-0.0677 0,0 -1.01716,-0.81313 -1.69499,-1.01648 -0.54958,-0.16699 -0.69912,-0.2434 -0.73432,-0.2651 l -5.3e-4,-5.3e-4 -0.0109,-0.008 0.8816,-0.74569 0.20309,-0.6103 1.35547,-0.54208 0.54261,-0.13591 -0.9493,-0.54209 c 0,0 -0.0674,-0.20325 0.13591,-0.47439 0.20335,-0.27112 0.27085,-0.13565 1.01647,0.0677 0.74562,0.20335 0.13583,-0.6102 -0.20308,-0.678 -0.33892,-0.0678 -0.74552,-0.0677 -1.28778,-0.0677 -0.54227,0 -0.5426,0.40669 -0.5426,0.40669 l -0.0749,-0.0816 -0.60255,-0.66404 -0.9493,0.13643 -0.67747,-1.01648 -0.0186,-0.0491 c -0.41022,0.16295 -0.8348,0.3688 -1.06608,0.49867 -0.39586,0.22206 -0.87747,0.56867 -1.29501,0.72864 -1.00033,0.38766 -2.05519,0.70618 -3.09077,1.03095 h -5.3e-4 c -0.34688,0.1084 -0.69116,0.21784 -1.02991,0.32814 -0.60463,0.20063 -1.33132,0.25315 -1.96577,0.28216 -1.20925,0.0621 -2.92291,0.35493 -4.08606,0.0103 -0.57236,-0.17054 -1.11452,-0.60674 -1.68878,-0.75913 -0.27682,-0.0762 -0.98717,0.0323 -1.22577,-0.17104 -0.13556,-0.11687 -0.29272,-0.24115 -0.45268,-0.36587 l -0.16278,0.10335 c 0,0 -0.86762,0.62009 -1.24179,0.80718 -0.37145,0.18437 -0.73484,0.55863 -0.73484,0.55863 h -0.4346 l -0.49867,0.062 -0.55863,2.03915 0.0129,0.003 1.22731,0.37103 0.42323,2.52181 0.80512,0.26665 3.04994,0.0677 c 0,0 0.13582,0.94888 0.6103,0.88108 0.47449,-0.0678 0.74535,-0.88109 1.01648,-0.47439 0.27113,0.40669 0.61029,0.88109 0.61029,0.88109 h 0.4067 l 2.64377,1.83038 v 1.28777 c 0,0 0.60967,0.2713 0.67747,0.678 0.0678,0.40668 0.27138,1.01647 0.6103,1.01647 0.31722,0 0.51559,0.0612 0.70538,0.39636 l 0.0109,-0.007 10e-4,5.3e-4 -0.0109,0.008 0.0398,0.0785 c 0.20336,0.4067 0.1354,0.54209 0.1354,0.54209 l -0.678,1.89807 0.678,0.13539 -0.71779,2.15543 -0.0279,0.0811 2.50838,1.28829 c 0,0 0.37741,-0.96544 0.64854,-1.1715 0.12147,-0.0895 0.38784,0.65344 0.61288,0.64544 0.27385,-0.0111 0.50178,-0.76223 0.50178,-0.76223 l 0.78393,-0.35502 1.32343,0.0651 c 0,0 0.43908,0.13518 0.57465,-0.20102 0.13557,-0.34135 0.50332,-0.59324 0.50332,-0.59324 0,0 0.3391,-2.7e-4 0.2713,0.60978 -0.0678,0.61005 -0.13557,0.81356 0,1.08469 0.13556,0.27115 0.31006,0.35553 0.31006,0.35553 l 2.53215,-0.30386 -5.3e-4,0.001 0.0109,-0.003 0.13022,0.83251 0.0512,0.062 0.0568,-0.046 5.2e-4,10e-4 -0.0568,0.046 0.76171,0.95497 -0.40669,0.4067 v 0.54208 l 0.44545,0.18449 c 0.10763,-0.0488 0.44141,-0.18449 0.77463,-0.18449 h 0.74569 l 0.339,-0.2713 h 0.81338 c 0,0 0.54225,0.20378 0.81339,0.47491 0.27113,0.27113 0.5425,0.67765 0.6103,0.94878 0.0678,0.27114 0.20309,0.74569 0.20309,0.74569 l 0.61029,0.20309 0.88109,0.2036 c 0,0 0.27121,-0.33899 0.74569,-0.33899 0.47448,0 0.81339,-0.0677 0.81339,-0.0677 l -0.13591,-0.5426 c 0,0 -0.88075,-0.47423 -0.33848,-0.60978 0.23616,-0.0607 0.34713,-0.73477 0.54777,-0.76326 0.25757,-0.0409 0.57464,0.57464 0.57464,0.57464 l 0.81339,-0.10284 c 0,0 0.63906,0.019 0.77463,-0.25218 0.13555,-0.27113 0.2036,-0.47439 0.2036,-0.47439 l 0.61805,-0.48007 v -5.3e-4 l 0.10025,-0.0786 c 0,0 0.0271,0.96591 0.23048,1.30483 0.20335,0.33892 0.339,0.54208 0.339,0.54208 h 0.88108 c 0,0 0.67773,9e-5 0.88108,0.339 0.20335,0.33891 0.5426,0.81328 0.9493,0.88108 0.4067,0.0678 1.28778,0.6103 1.28778,0.6103 l 0.66145,-0.22065 0.15142,-0.0517 -0.47439,-0.4067 0.40669,-0.4749 1.62677,-0.0677 c 0,0 -1.7e-4,-0.27119 0.54209,-0.339 0.54227,-0.0678 0.9493,-0.67747 0.9493,-0.67747 l 1.22008,-1.22008 0.339,-0.54261 0.447,-0.32194 0.70538,-0.0853 h 0.59376 c 0.0176,-0.0275 0.0375,-0.0633 0.0563,-0.108 -0.0189,0.0452 -0.0386,0.0821 -0.0563,0.11007 h 0.016 l 0.0408,0.45785 0.64285,-0.0351 0.57723,-0.2036 3.48454,-0.15193 0.13539,2.71146 -2.56987,0.35554 0.74518,3.75997 c 0,0 0.46887,1.17133 1.1467,1.3069 0.67783,0.13556 2.03346,0 2.03346,0 l -0.33847,0.67799 0.47439,0.6103 0.60978,-0.6103 0.74569,1.22009 c 0,0 -0.33899,0.33899 -0.74569,0.33899 -0.4067,0 -1.08417,0.1354 -1.08417,0.1354 0,0 -0.54253,0.47464 -0.20361,0.67799 0.33891,0.20335 0.54208,0.67799 0.54208,0.67799 v 0.60979 c 0.29114,0.0597 0.58665,0.0991 0.88161,0.13539 l 0.54208,-0.54209 0.47439,-0.0677 0.6103,0.67799 0.67748,-0.13591 c 0,0 1.01664,-0.47412 1.28778,-0.67748 0.27112,-0.20335 1.15238,-0.81338 1.15238,-0.81338 0,0 1.15246,-0.27156 1.49138,-0.47491 0.33891,-0.20337 0.67765,-0.40662 0.94878,-0.0677 0.27113,0.33891 0.54269,0.40653 0.8816,0.13539 0.33891,-0.27113 1.49087,-0.60978 1.49087,-0.60978 l 0.40669,0.40669 0.5426,-0.54209 c 0,0 0.85619,1e-5 1.58337,-0.17621 0.0377,-0.009 0.0729,-0.0168 0.1111,-0.0274 0.74561,-0.20335 1.35547,-0.2712 1.76217,-0.339 0.4067,-0.0678 1.01699,-0.20309 1.01699,-0.20309 l 0.81339,-0.74569 -0.19793,-0.6289 -0.71054,0.10335 0.0139,-0.0305 0.43666,-0.91002 -0.22065,-0.70228 c 0,0 -0.33856,-2.6e-4 -0.67748,-0.20361 -0.33893,-0.20335 -0.54244,-0.33899 -0.2713,-0.74569 0.27111,-0.4067 0.13564,-1.15238 0.33899,-1.55908 0.20337,-0.40669 0.0677,-1.28777 0.0677,-1.28777 l -0.0677,-0.94878 1.01648,0.20309 0.9493,-1.01648 -0.6103,-0.40669 c 0,0 -0.67748,-0.61038 -0.67748,-0.9493 0,-0.33891 -0.3391,-0.88108 0.54209,-0.88108 h 1.89807 l 0.27078,-0.47439 0.0171,0.0109 5.3e-4,-0.001 0.93224,0.73535 v 0.54209 l 1.55908,0.40669 -0.0682,0.88109 1.28829,0.0677 0.20309,0.339 0.48266,0.0734 0.39842,0.0625 -0.20309,-0.81339 c 0,0 0.88116,0.0677 1.22008,0.47439 0.33892,0.4067 0.678,0.54209 0.678,0.54209 l 1.49087,0.2713 0.0284,-0.13023 0.24288,-1.15755 h 0.33899 v -1.55908 h -1.49138 c -0.33892,0 -0.60987,-0.54249 -0.13539,-0.61029 0.47448,-0.0678 0.81339,-0.27079 0.81339,-0.27079 0,0 0.27086,-0.54269 0.60978,-0.8816 0.33891,-0.33891 0.4068,-0.40669 0.74569,-0.40669 0.33892,0 0.61004,0.068 0.81338,-0.20309 0.20336,-0.27113 1.96586,-0.2713 2.30477,0.13539 0.33892,0.40672 0.61004,0.40662 0.81339,0.0677 0.20335,-0.33891 0.54234,-1.28769 1.15239,-0.94878 0.61005,0.3389 1.08417,-0.0677 1.08417,-0.0677 l 1.15238,-1.15238 0.47439,-0.678 0.47491,-1.28778 0.3359,0.0785 v -10e-4 l 0.81597,0.19378 0.60978,0.339 0.6103,0.74569 0.67748,-0.74569 1.08468,-0.0677 0.40669,0.40669 h 0.94878 l 0.88109,0.94878 c 0,0 0.88167,-0.20311 1.2206,0.2036 0.33892,0.40669 0.33848,1.15239 0.33848,1.15239 l 0.68833,0.11989 0.46405,0.0832 1.01699,-0.27079 0.47439,-0.40669 c 0,0 -0.74568,-0.6102 -0.339,-1.08469 0.40671,-0.47448 0.67774,-0.47456 0.88109,-0.74569 0.20333,-0.27112 0.20343,-0.67782 -0.0677,-0.81339 -0.27114,-0.13556 -0.8134,-0.74559 0,-0.81339 0.81339,-0.0678 0.94886,0 1.28778,0.4067 l 5.3e-4,-5.3e-4 c 0.33892,0.40669 0.88163,0.94885 0.88263,0.95085 l 0.13539,0.81338 c 0,0 0.33909,0.33935 0.678,0.0682 0.33892,-0.27112 0.61012,-0.33891 0.74569,0 0.13556,0.33891 0.20326,1.28786 0.47439,1.62677 0.27111,0.33892 0.20343,0.81303 -0.0677,1.08417 -0.27114,0.27113 -0.4072,0.40695 -0.8139,0.6103 -0.4067,0.20335 -0.54225,0.33891 -0.40669,0.81339 0.13557,0.47448 0.67799,0.60978 0.67799,0.60978 l 0.339,1.83038 c 0,0 0.67807,0.47473 1.01699,0.6103 0.33891,0.13555 1.21982,0.60961 1.42317,0.33848 0.20335,-0.27113 0.40669,-0.47431 0.81339,-0.1354 0.4067,0.33892 0.20351,0.47429 0.67799,0.54209 0.47446,0.0678 0.60989,0.61047 0.54209,0.8816 -0.0678,0.27113 -0.20352,0.67748 -0.678,0.67748 h -0.81339 l -0.0677,0.88108 0.94929,0.13591 0.74518,0.339 0.0646,0.003 c 0.0767,-0.18951 0.22341,-0.46037 0.478,-0.54467 0.4067,-0.13556 0.81339,-0.47439 0.81339,-0.47439 l 0.60978,1.49086 c 0,0 0.67808,-0.0675 1.01699,0.20361 0.33893,0.27113 0.0677,0.88108 0.0677,0.88108 l 0.2713,0.94878 1.89756,-1.15187 0.2036,-0.8816 c 0,0 1.2199,-0.0678 1.76217,-0.40669 0.54226,-0.33891 0.9493,-0.74569 0.9493,-0.74569 l 0.67748,0.94929 0.1359,0.60979 0.60979,-0.54209 c 0,0 0.67763,0.27113 0.94877,0 0.27114,-0.27113 0.47465,-0.13574 0.678,0.13539 0.20333,0.27113 0.2713,1.01699 0.2713,1.01699 h -0.6103 c 0,0 8e-5,0.67791 0.339,1.15239 0.33891,0.47448 0.54225,0.74569 0.81339,0.74569 0.27113,0 0.61013,0.1354 0.74569,-0.2713 0.13557,-0.4067 0.20351,-0.6102 0.67799,-0.678 0.47448,-0.0678 0.81313,0.0681 1.01648,0.54261 0.20334,0.47448 0.2036,0.81338 0.2036,0.81338 v 1.15187 c 0,0 1.42316,-0.61004 1.82987,-0.81339 0.4067,-0.20334 0.74586,-0.27087 1.01699,-0.60978 0.27111,-0.3389 0.339,-1.08469 0.339,-1.08469 l 1.01647,-1.82986 0.0677,0.0568 v -0.002 l 1.82934,1.5012 2.98225,1.83038 4.47363,0.2713 c 0,0 -0.54193,1.83003 -0.67748,2.10116 -0.1356,0.27113 -0.40714,1.15204 -0.0682,1.42317 0.33891,0.27113 0.67817,0.40704 0.94929,0.13591 0.27115,-0.27113 0.54209,-0.5426 0.54209,-0.5426 0,0 0.47428,0.67799 0.54208,1.08469 h 0.8816 l 0.54209,-0.47439 1.55908,0.20308 c 0,0 0.54208,-0.74544 0.94878,-0.13539 0.4067,0.61005 0.67799,0.81339 0.67799,0.81339 0,0 0.27112,-0.4066 0.40669,-0.88108 0.11655,-0.40995 0.18421,-1.27126 0.19741,-1.50172 -0.0653,-0.0301 -0.18709,-0.11474 -0.40101,-0.32866 -0.40671,-0.4067 -0.47403,-0.74517 -0.33848,-1.15187 0.13558,-0.4067 -0.20344,-0.8138 0.47439,-0.8816 0.67782,-0.0678 1.89756,-0.0677 1.89756,-0.0677 0,0 0.5426,-0.13547 0.5426,-0.47439 0,-0.33891 -0.0677,-0.74569 -0.0677,-0.74569 l -0.61029,-0.60978 0.0677,-0.33899 c 0,0 -0.40663,-0.54217 -0.0677,-0.88109 0.33895,-0.33891 0.33884,-0.74594 0.0677,-1.35599 -0.22473,-0.50334 -0.355,-0.86937 -0.31781,-1.25057 l 0.002,5.3e-4 c 0.008,-0.0735 0.0217,-0.15021 0.0434,-0.22531 0,-0.006 0.003,-0.008 0.003,-0.0134 0.13557,-0.47448 0.136,-0.88108 0.47491,-1.28778 0.3389,-0.4067 0.47449,-0.61038 0.40669,-0.94929 -0.0678,-0.33891 -0.40669,-0.88109 -0.40669,-0.88109 l 2.91455,-3.32124 2.71146,-3.93154 0.74518,-1.08469 -0.0109,-0.008 0.55345,-0.73794 0.0646,-0.06 -0.002,-0.002 c 0.12039,-0.0973 0.39878,-0.29795 0.74828,-0.34675 0.47446,-0.0678 0.67789,-0.54217 1.15238,-1.28778 0.16043,-0.25188 0.18964,-0.44235 0.14625,-0.59635 h -5.3e-4 c -0.0808,-0.30149 -0.44113,-0.46634 -0.62116,-0.69246 -0.27111,-0.33892 -0.40659,-0.67807 -0.47439,-1.01699 -0.0678,-0.33892 -0.0682,-0.81347 -0.0682,-1.15238 0,-0.33893 -0.0677,-1.01648 -0.0677,-1.01648 l -1.35548,-0.13591 c 0,0 -0.47438,-0.20308 -0.88108,-0.60978 -0.40666,-0.4067 -0.20361,-0.81339 -0.20361,-0.81339 0,0 0.20324,-0.61021 0.47439,-1.08469 0.27113,-0.47394 -0.13557,-0.94852 -0.40669,-1.15186 -0.27112,-0.20333 -0.94896,-0.13514 -1.22008,0.0682 -0.2711,0.20337 -0.88108,0.13539 -0.88108,0.13539 v -0.6103 h -0.002 l 0.003,-0.0672 c 0,0 0.0679,-0.2036 0.33899,-0.6103 0.27111,-0.4067 0.61013,-0.60995 0.339,-0.88108 -0.27112,-0.27113 -0.74569,-0.47439 -0.74569,-0.47439 0,0 -10e-5,-0.27121 0.47439,-0.74569 0.47449,-0.47447 0.4066,-0.88098 0.88108,-0.94878 0.47449,-0.0678 1.22008,-0.40669 1.22008,-0.40669 h 0.8816 l 0.27079,-0.6103 0.74569,-0.60978 0.6103,-2.77916 c 0,0 0.58293,-0.50433 1.01131,-0.86765 0.13826,-0.11685 0.25986,-0.21995 0.34416,-0.28474 0.33892,-0.27114 0.88108,-0.81338 0.88108,-0.81338 l 0.61031,-0.94878 c 0,0 0.94877,-2.16912 1.35546,-2.37247 0.40672,-0.20335 1.35546,-0.5426 1.35549,-0.5426 -3e-5,0 -0.27067,-0.54216 0.0682,-0.88108 0.33893,-0.33891 0.47432,-0.94904 0.94877,-1.15239 0.4745,-0.20335 0.8132,-0.74526 0.94877,-1.08417 0.1356,-0.33892 0.47458,-0.54249 0.7457,-0.61029 0.10604,-0.0243 0.18989,-0.073 0.27646,-0.12971 v 5.3e-4 c 0.14044,-0.084 0.28697,-0.19237 0.53642,-0.27647 0.40666,-0.13556 0.88106,-0.7457 0.88106,-0.7457 l 1.08471,0.27131 0.54208,-1.28778 c 0,0 0.67805,0.27079 1.01698,0.27079 0.33891,0 1.35549,-0.27079 1.35549,-0.27079 l -0.13539,-0.67799 c 0,0 1.08461,-1.22034 1.55906,-1.42369 0.47448,-0.20336 1.01661,-0.40661 1.35548,-0.0677 0.33894,0.33892 1.08469,0.88108 1.08469,0.88108 l 0.60979,1.08469 0.61028,0.20361 0.54208,-0.6103 1.49141,-0.4067 0.20306,-1.35547 0.7457,0.13539 0.61029,0.20361 0.0677,1.15187 c 0,0 0.27091,0.4749 0.60978,0.4749 0.33894,0 0.54838,-0.52596 0.88729,-0.59376 0.279,-0.057 0.83153,-0.0297 1.01647,-0.0217 0.0404,0.002 0.062,0.005 0.062,0.005 0,0 0,-0.94878 0.40669,-0.94878 0.40669,0 1.28778,-0.0677 1.28778,-0.0677 l 0.13589,-1.89807 0.4744,-0.2713 1.35549,-0.1354 0.67799,-0.67799 c 0,0 0.54208,-0.20334 0.94877,-0.40669 0.40666,-0.20335 0.61029,-0.40652 0.61029,-0.94878 0,-0.5016 0.23209,-2.80353 0.26821,-3.14245 -0.35791,-0.18437 -0.72335,-0.38775 -0.79685,-0.46095 -0.0434,-0.0434 -0.43902,-0.761772 -0.51004,-0.870232 -0.76732,-1.163151 -0.85164,-1.312299 -2.03348,-1.900658 -0.0271,-0.0136 -0.0655,-0.04109 -0.0946,-0.04909 -0.67053,-0.1681 -1.33424,-0.308959 -1.95543,-0.618051 -0.24209,-0.12201 -0.46329,-0.300966 -0.70541,-0.417544 -0.53168,-0.254601 -0.99673,-0.42033 -1.50944,-0.73484 -0.19794,-0.119029 -0.34235,-0.333315 -0.46355,-0.531234 -0.15264,-0.525999 -0.003,-0.987197 0.13538,-1.488797 0.50377,-0.309091 1.04625,-0.446995 1.59422,-0.655775 0.21474,-0.940829 0.55827,-1.91185 0.61548,-2.871658 -0.26004,-0.149121 -0.50353,-0.28457 -0.79635,-0.365871 -0.13557,-0.151828 0.022,-1.184844 0.0951,-1.439703 -1.13848,-0.433811 -2.26936,0.01093 -3.36775,0.328144 -0.62659,0.18166 -0.89022,0.260056 -1.15756,0.300757 -0.25513,0.038 -0.51816,0.04071 -1.10381,0.06511 -0.31126,0.0136 -0.73218,0.119719 -1.03558,0.08992 l -0.36589,-0.171051 c -0.25215,-0.119298 -0.41767,-0.290255 -0.64543,-0.436665 -0.46339,-0.295529 -0.9738,-0.439111 -1.54564,-0.628902 -0.50998,-0.1681 -1.12765,-0.428458 -1.65933,-0.482658 -0.61415,-0.06236 -1.26773,0.268653 -1.85931,0.379823 -0.42299,0.08137 -0.93279,0.132463 -1.36118,0.162263 -0.0678,0.005 -0.90844,0.0055 -0.95186,-0.0026 -0.23561,-0.03796 -0.50644,-0.211768 -0.74261,-0.27957 -0.47257,-0.13557 -1.00134,-0.189489 -1.4614,-0.346747 -0.15512,-0.05423 -2.62556,-1.204132 -2.80397,-1.312582 -0.0269,-0.01627 -0.71525,-0.764712 -0.79685,-0.854212 -0.91884,-0.984211 -2.08539,-1.770494 -3.06337,-2.703193 -2.57442,0.04339 -2.28962,-0.295179 -4.09536,-1.710491 l -0.65629,0.10542 c -1.46737,1.190271 -1.76777,2.611041 -3.07733,3.372922 l 0.0217,0.02997 h -0.002 l -0.0217,-0.02997 c -0.43625,0.25487 -0.98726,0.436845 -1.72962,0.510045 -0.48017,0.466349 -0.95057,0.943671 -1.40714,1.437121 -3.76576,0.520851 -2.51091,-0.02758 -5.27617,1.734778 -0.15728,0.5016 -0.33858,1.000771 -0.50694,1.499651 l -0.64544,0.325045 c -0.49103,-0.26571 -0.96704,-0.438851 -1.49087,-0.634071 l -2.10685,0.93276 c -0.58023,-0.13828 -1.22581,-0.512721 -1.69188,-0.873332 l -0.34468,-2.922817 c -0.84864,-0.85407 -2.90858,-0.344451 -3.88194,-0.602031 -0.27629,-0.0732 -0.57481,-0.251767 -0.86765,-0.425299 l -0.0294,0.04858 h -5.3e-4 l 0.0295,-0.04858 c -0.20065,-0.119298 -0.39896,-0.236225 -0.5855,-0.312124 -1.27405,-0.512439 -1.13064,-0.07321 -2.11511,-1.033012 l -1.23094,-0.289904 -0.98753,-1.561664 c -0.21719,-0.34163 -0.36304,-0.732218 -0.58808,-1.084688 0.13884,-0.24402 0.11382,-0.333499 0.14882,-0.63717 l -0.19791,-0.238744 0.1173,-0.428397 c -0.23832,-0.159962 -0.59892,-0.346866 -0.8077,-0.542087 -0.33892,-0.319939 -0.48863,-1.000558 -0.79582,-1.37201 -0.36522,-0.441938 -0.80444,-0.802446 -1.12654,-1.287777 0.31397,-0.49888 0.47994,-0.87031 0.68057,-1.418 l -0.44751,-0.837676 c -0.0648,-0.01355 -0.8426,-0.154748 -0.8754,-0.171048 -0.37903,-0.1898 -1.06791,-0.653138 -1.46348,-0.731738 l -1.52446,-0.309542 -0.83767,-0.745174 c -0.62523,-0.558541 -1.47418,-0.767644 -2.09806,-1.377694 l -0.34933,-0.344165 c 0.007,-0.96795 0.46638,-3.568057 1.26297,-4.077787 l -0.0165,-1.038697 c -0.41185,-0.124698 -0.96453,-0.230048 -1.39888,-0.167948 l -0.78393,-0.748275 -0.41238,0.217041 -0.82424,0.430982 -0.91364,0.02687 c -1.44134,0.04067 -2.64838,-0.311504 -4.01732,-0.764294 -1.03356,-0.60192 -2.05489,-1.323224 -2.85771,-2.228805 -0.31994,-0.366029 -0.47203,-0.967988 -0.80254,-1.317749 -0.40402,-0.428381 -1.14425,-0.905539 -1.73532,-0.957039 l -0.38499,0.146244 c -0.0732,0.29553 -0.38348,0.753988 -0.55863,0.995288 -0.17624,0.05692 -0.35525,0.105545 -0.53691,0.146245 l 0.0279,0.113688 h -5.3e-4 l -0.0279,-0.113688 c -0.32265,0.07321 -0.6485,0.127532 -0.97358,0.173632 -0.63988,-0.14642 -2.16619,-2.237086 -3.0856,-2.885095 -0.3034,0.0922 -0.77655,0.133025 -1.08728,0.04083 -0.20659,-0.33892 -0.0406,-1.184764 0.0816,-1.518254 l -0.71882,-0.648022 c -0.82206,-0.20877 -1.42318,0.474288 -1.8898,0.311609 -0.12442,-0.195211 -0.14666,-0.851381 -0.14366,-1.076421 l -0.36794,0.04341 c -0.18952,0.18708 -0.4196,0.37435 -0.65061,0.51263 -1.26939,-0.09231 -2.39129,-1.132638 -1.84639,-2.342493 l -0.37776,-0.634586 c -0.71009,-0.40941 -1.53849,-0.911215 -2.32234,-1.171505 -0.43896,-0.14641 -1.10963,0.0058 -1.49138,-0.349333 -0.94436,-0.88389 -1.97691,-2.228918 -2.90473,-3.237528 l -0.35294,0.171049 c -0.11387,0.3823 -0.63074,0.970402 -0.89401,1.246952 0.45008,0.4311 0.89143,0.867783 1.33636,1.304313 0.0822,0.68867 0.44546,3.101531 0.0388,3.586861 -0.41998,0.18166 -0.75318,-0.0078 -1.17099,-0.127124 -0.68054,-0.59378 -0.76446,-1.534621 -1.44798,-2.098579 -0.0217,-0.01627 -0.53129,-0.198046 -0.63975,-0.238746 l -0.28474,-0.591178 c 0.11116,-0.58836 0.20037,-1.100957 0.16537,-1.711007 l -0.62115,-0.710034 0.21239,-0.309025 -0.32763,-0.482658 -0.20929,-0.05426 -0.22221,0.469222 c -0.40019,-0.10603 -0.92724,-0.0709 -1.33015,-0.0031 z m -34.77669,66.10294 0.0331,0.0263 v 5.3e-4 z"
         id="Vidzeme"
         inkscape:connector-curvature="0"
         sodipodi:nodetypes="cccccccccccccccccccccccccccccccccccccccccccccccccccccccccccccccccccccccccccccccccccccccccccccccccccccccccccccccccccccccccccccccccccccscccccccccccccsccccccccccccccccccccccccccccccccccscccccccccccccccccccccccccccccccccsccccccccscccccccccccccccccccccccccccccccccccccccccccccscccccccccccccccccccccccccccccccccccssccccccccccccccccccccscccscccccccccccccccccccccccccccccccccccccccccccccscccccccccccccccccccccccsccccccccccccccccccccccccccccccscccccccccccccccccccccccccscccccccccccccccccccccccccccccccccccccscccccccccccccscccsccccccscccccccccccccccccccccccccccccccccccccccccccccccccccccccccccccccccccccccccccccccccccccccccccccccccccccccccccccccccccccccc" />
      <path
         style="fill:#58d59d;fill-opacity:1;stroke:#ffffff;stroke-width:0.264583;stroke-linejoin:round;stroke-miterlimit:4;stroke-dasharray:none"
         d="m 95.374538,105.11567 -0.03255,0.0165 c -1.016749,0.0678 -2.033469,1.08418 -2.033469,1.08418 l 0.745692,3.45715 0.01704,-0.003 v 5.3e-4 l -0.01704,0.003 c 0,0 -0.406602,0.13521 -0.881084,0.27078 -0.474483,0.13557 -0.406779,0.67807 -0.338998,1.017 0.019,0.0922 0.01638,0.18449 -0.0026,0.2713 -0.04799,0.23317 -0.225081,0.42558 -0.471808,0.47438 -0.338918,0.0678 -0.474559,0.20326 -0.745691,0.47439 -0.271129,0.27114 -0.677561,1.08469 -1.016474,1.49139 -0.338918,0.40669 -1.084598,0.13528 -1.559078,0.20308 -0.474483,0.0678 -0.610293,0.61029 -1.016992,1.01699 -0.406699,0.40668 -0.33882,0.47439 -0.881084,0.47439 -0.542269,0 -0.542086,0.40661 -0.542086,0.88109 0,0.47448 -0.47439,0.67799 -0.47439,0.67799 0,0 -0.06813,0.54215 -0.135909,1.28777 -0.03715,0.40398 -0.232262,0.5881 -0.403077,0.6749 l 0.68058,0.32556 c 0,0 0.02498,0.0164 0.04599,0.0625 -0.02101,-0.0461 -0.04599,-0.062 -0.04599,-0.062 l -0.68058,-0.32557 c -0.146412,0.0705 -0.274402,0.0708 -0.274402,0.0708 l -0.542602,-0.67799 -1.151866,-0.0677 -0.949296,-0.47439 -0.338997,0.67748 -0.406694,-0.54209 h -0.542086 l -0.47439,0.54209 -0.677995,-0.47439 c 0,0 -0.06787,0.74543 -0.338997,0.94878 -0.271132,0.20335 -1.084173,0.6103 -1.084173,0.6103 v 0.67799 c 0,0 -0.610468,0.13539 -0.881599,0.13539 -0.271135,0 -0.813388,-0.13539 -0.813388,-0.13539 l -0.47439,0.60978 -1.762164,-0.0677 -1.762684,0.60978 -0.203089,1.49138 c 0,0 -0.135654,0.67807 0.0677,1.01699 0.203348,0.33891 0.745691,1.35548 0.745691,1.35548 l -0.542086,2.30476 h -0.610299 l 0.0677,-0.47438 h -1.016476 l -0.542602,-0.6103 -0.406694,0.2036 c 0,0 -0.745342,-0.13582 -1.016473,0.20309 -0.271132,0.33892 0.47439,0.6103 0.47439,0.6103 l -0.339,0.54208 H 68.63554 l -0.47439,-0.54208 -0.612883,-0.44494 c -0.0217,0.47448 -0.612788,1.1957 -0.878499,1.46141 -0.271134,0.27113 -0.270785,1.017 -0.270785,1.017 l -0.610298,0.0677 c 0,0 -0.135647,0.74578 -0.338998,1.08469 -0.203348,0.33892 -0.06744,0.81317 0.135909,1.1529 0.203351,0.33892 -0.135906,0.94912 -0.542602,1.08469 -0.406699,0.13556 -0.338744,0.54226 -0.135393,0.81339 0.203348,0.27113 0.406694,0.67748 0.406694,0.67748 0,0 -0.0052,0.011 -0.01601,0.0284 0.243205,0.008 0.596078,-0.008 0.78858,-0.1602 0.311801,-0.24894 0.43424,-0.43653 0.683681,-0.18655 0.249444,0.24916 0.507728,0.31161 0.870231,0.31161 0.362505,0 0.36241,2e-5 0.672311,0.0594 0.310991,0.0642 0.549587,0.31342 0,0.50022 -0.550397,0.18573 -0.433914,0.48422 -0.371554,1.10484 0.06155,0.62361 0.121957,1.5534 0.121957,1.5534 0,0 -0.113792,0.37425 -0.485243,0.55862 -0.287401,0.14072 -0.569365,0.39301 -0.604613,0.61805 -0.01085,0.0678 0.0029,0.13297 0.04599,0.19017 0.185187,0.2489 0.434935,0.69391 0.559657,0.93224 0.124719,0.24049 0.609783,0.48576 0.609783,0.48576 0,0 2.54e-4,-0.19446 0.621149,-0.24546 0.621165,-0.0518 1.244306,0.051 1.553395,0 0.311803,-0.0531 0.870217,-0.0643 1.057299,0.36949 0.184369,0.43815 0.496093,1.12189 0.496093,1.12189 h 0.796335 c 0.312069,0 0.621319,0.0623 0.683678,0.30902 0.06236,0.24945 0.12454,0.74518 0.12454,0.74518 l 1.179774,-0.30851 c 0,0 0.870217,0.62048 1.057299,0.86558 0.18437,0.24914 0.970666,0.64554 0.845944,0.20929 -0.122555,-0.43353 0.321943,-0.64234 0.321943,-0.64234 l 1.057817,-0.0625 0.496094,-0.30954 0.683162,0.12248 c 0,0 0.434599,0.12435 0.434599,0.43614 0,0.0298 -1.16e-4,0.0571 -0.0036,0.0842 h 5.3e-4 c -0.0047,0.24798 -0.0281,0.36793 0.253214,0.53536 0.309089,0.18681 1.230934,0.92113 1.230934,1.35548 0,0.43381 0.124539,2.29908 0.124539,2.29908 0,0 0.06183,0.74546 0.186553,0.99219 0.124722,0.24944 0.311608,1.29656 0.311608,1.29656 l -0.924492,0.062 0.233061,1.38286 v 0.003 l 0.0072,0.0465 -0.785481,0.29817 c 0,0 0.04899,0.632 -0.322461,0.632 -0.374158,0 -0.311166,0.37362 0.124542,0.37362 0.434625,0 1.605068,0.12506 1.605068,0.12506 l -0.18655,0.4961 0.496094,0.1142 0.249597,0.8077 h 0.371552 l 0.435634,1.05472 -0.683165,0.31161 c 0,0 -0.187068,0.30935 -0.187068,0.62115 v 1.24023 c 0,0 -0.06252,0.48922 -0.249598,0.73432 -0.184369,0.24975 -0.683162,0.18759 -0.683162,0.18759 l -0.547769,-0.2496 -0.43615,-0.37155 c 0,0 -0.559242,0.062 -0.93069,0.062 -0.374163,0 -0.558171,0.24669 -0.249082,0.62167 0.311804,0.37063 0.12454,0.86971 0.12454,0.86971 0,0 0.558596,0.62117 0.932759,0.80771 0.371721,0.18437 0.433565,0.30954 0.433565,0.30954 v 0.49454 l -1.116727,0.062 -0.43615,0.4992 h -1.116727 l -0.649054,-0.48008 -0.09664,-0.0734 c 0,0 0.186632,0.6237 0.12454,0.98702 -0.06236,0.36495 0.184486,0.6103 0.184486,0.6103 l 0.374136,0.062 -0.249597,1.11983 -0.745172,0.43408 v 1.30535 l 0.374136,0.2496 -0.496609,0.62063 c 0,0 -0.362927,-0.0724 -0.612368,0.36329 -0.249441,0.43409 -0.125055,0.86764 -0.125055,0.86764 l 1.480529,0.062 0.06253,0.55913 c 0,0 -0.122542,0.43807 0.186552,0.68317 0.312343,0.24945 0.249161,0.62115 -0.186552,0.62115 -0.434623,0 -0.62992,0.12435 -0.806154,0.43615 -0.178136,0.30936 -0.363283,0.55913 -0.363283,0.55913 l 0.363283,0.31161 -0.241329,0.92191 h 3.345534 l 0.683678,0.49609 0.249598,0.7457 1.043863,0.12454 c 0,0 0.683316,0.30928 0.932759,0.49609 0.249442,0.18681 0.791422,0.005 0.994773,-0.1633 0.203348,-0.17052 0.406948,-0.23822 0.610298,-0.23822 0.203349,0 0.47439,0.10283 0.47439,0.10283 l 0.761709,0.28474 c 0.04962,-0.26327 0.08125,-0.51805 0.117306,-0.7214 0.170812,-0.15482 0.377206,-0.31173 0.531752,-0.47956 l 0.612881,-0.008 c 0.577513,0.43679 1.268822,0.66717 1.946653,0.90279 l 0.502293,0.72399 -0.01913,0.62735 -0.03772,1.24902 c 0.121198,0.87657 0.479952,1.87421 0.702284,2.73885 l 0.417544,0.5147 1.723408,0.1819 0.819074,0.94361 0.433564,0.0677 c 0.09219,-0.0678 2.066346,-1.52905 2.169377,-1.66191 l 0.965833,-1.25574 -0.22841,-1.34152 c 0.140986,-0.0301 0.284824,-0.0592 0.425813,-0.0868 l -5.3e-4,-0.003 c 0.951238,-0.20061 1.902582,-0.41461 2.85409,-0.58188 0.360878,-0.0618 0.864633,-0.0184 1.203543,-0.13229 0.35328,-0.12228 0.74264,-0.39329 1.09864,-0.47439 0.26571,-0.0599 2.59233,-0.0178 2.78484,0.0326 0.31261,0.0748 0.63686,0.18561 0.96222,0.31006 0.54443,0.20932 1.09559,0.45862 1.5999,0.64543 l 0.46095,0.81908 c 1.09213,0.47123 3.29079,1.63392 4.38888,1.80609 l 1.10898,-0.11834 c 0.58564,-0.21799 1.58371,-0.95145 2.12028,-1.27383 1.37464,-0.82723 1.27999,-0.8914 2.66547,-1.14463 0.36061,-0.0681 0.81608,-0.0461 1.18753,-0.0651 1.6211,-0.0854 1.76487,-0.21442 3.42149,0.16381 l 0.10336,0.29818 c -0.15725,0.74562 -0.63465,1.33764 -0.71055,2.12338 0.0542,0.17624 0.25747,0.60424 0.46353,0.66094 l 0.34985,-0.0512 c 0.55039,-1.07882 1.13038,-1.53738 2.29082,-1.15238 0.10276,0.0323 1.11957,0.3794 1.15807,0.3824 l 0.60255,-0.0217 -0.006,-0.0754 0.001,0.002 0.006,0.0754 c 0.53333,-0.0461 1.11354,-0.15739 1.58802,-0.20618 0.25215,0.12905 0.59964,0.36481 0.86507,0.44751 0.35437,0.10954 3.05442,0.14732 3.67884,0.16382 l 0.0382,0.0393 -5.3e-4,0.003 c 0.69138,0.73179 1.60778,1.7127 2.01177,2.5833 l 0.14159,0.7953 0.0677,0.39533 c 0.33078,0.1136 0.79435,0.10786 1.13326,0.0512 0.33892,0.14614 0.51514,0.47641 0.79169,0.69711 0.003,0.003 1.01383,0.5961 1.04903,0.6072 0.31452,0.0865 0.6828,0.23037 1.00355,0.27647 0.35519,0.0539 1.76218,-0.28018 1.99265,-0.39894 0.6507,-0.33891 1.26336,-0.87836 1.89239,-1.26607 0.0998,-0.0637 2.38631,-1.32051 2.43241,-1.33791 0.0542,-0.0165 1.04393,-0.0953 1.16323,-0.10593 0.90314,0.48776 1.59615,0.92179 2.42311,1.54512 l 0.88935,0.0899 c 0.50241,0.40941 1.05202,0.84016 1.48312,1.33118 l 0.7493,0.0568 c 0.55311,-0.35274 1.25961,-0.83508 1.86966,-1.04955 1.10134,-0.3823 3.08108,-0.60711 3.699,-1.69706 -0.15896,-0.62587 -0.37637,-1.21581 -0.0145,-1.72702 h 5.3e-4 c 0.38799,-0.50322 0.8842,-0.81692 1.3069,-1.2914 0.32047,-0.35953 0.60749,-0.83442 0.89245,-1.22783 -0.11171,-0.47828 0.48633,-1.17216 0.84233,-1.4056 0.74046,-0.12093 2.01056,-0.26633 2.54713,-0.817 l 0.18138,-0.54209 h -5.3e-4 l 0.12299,-0.37258 c 0.59487,-0.41076 1.66849,-0.51063 2.3859,-0.50385 0.51,0.007 1.10717,0.0784 1.50844,-0.32453 l 0.20929,-0.46715 0.28215,-0.1416 0.56999,0.524 0.96222,0.007 c 0.32292,-0.13828 0.68718,-0.44355 0.88728,-0.73122 0.0729,-0.55094 -0.26123,-1.08499 -0.28835,-1.64434 l 0.25476,-0.34417 0.76016,-0.27647 0.0243,0.0103 0.001,0.001 0.76223,0.30695 0.13901,0.39585 c -0.0979,0.26788 -0.29857,1.18475 -0.23617,1.45262 0.31995,1.41559 1.80323,3.28653 2.58951,4.5961 0.0434,0.89447 -0.18416,2.70612 0.33642,3.42408 l 0.97616,0.52607 c 0.26272,0.14099 0.48219,0.35781 0.75603,0.50178 l 0.2036,0.10593 c 0.33404,0.33105 0.66461,1.03354 0.93845,1.46193 l 0.46302,0.1757 c 0.14668,0.18952 0.81326,1.00004 0.84336,1.16272 0.10275,0.57236 -0.0623,1.78976 0.12454,2.31304 0.21447,0.60463 0.37749,1.17409 0.5426,1.79472 0.35004,0.27113 0.40668,0.69711 0.56069,1.09812 l 0.12971,0.0217 c 1.2773,0.22233 2.39395,0.97095 3.71191,0.88935 0.72312,-0.0461 1.70171,-1.00586 2.34456,-0.75913 0.31723,0.32211 0.65608,0.63202 0.9245,0.99994 l 0.72398,0.11938 c 0.41727,0.51813 1.18424,1.67086 1.91927,1.73426 0.14045,-0.1277 0.87007,-0.65875 0.99993,-0.68885 0.33025,-0.0732 0.76981,0.0133 1.11415,-0.0274 0.0678,-0.009 0.14044,-0.0217 0.21394,-0.0377 0.33891,-0.0762 0.71955,-0.21446 1.03353,-0.21446 0.0515,0 0.32487,0.0681 0.39377,0.0811 l 0.69919,0.77256 c 0.15725,-0.33891 0.76735,-0.63729 1.10897,-0.69969 0.37769,-0.0184 0.92552,0.37469 1.12345,0.67076 0.54687,0.11849 1.23508,0.0968 1.68,-0.27441 0.0974,-0.24944 0.16831,-0.60232 0.13281,-0.87074 0.3606,-0.28957 0.93264,-0.29294 1.36374,-0.21084 l 0.339,0.32452 c 0.0572,0.30964 0.29016,1.37228 0.53174,1.59216 0.93785,0.12447 1.90399,0.098 2.83859,0.21704 v -5.3e-4 c 0.1569,0.0195 0.31191,0.0438 0.46612,0.0734 0.5832,-0.20606 0.9672,-0.67504 1.51516,-0.92449 l 0.28215,0.0749 c 0.14673,1.09782 -0.15165,2.14421 -0.0754,3.22874 0.0743,1.06528 0.85125,1.44712 1.6614,1.94872 0.27763,0.17108 0.55377,0.39009 0.83819,0.54002 1.08453,0.56667 2.36438,0.8378 3.50883,1.28002 0.0621,0.0244 0.19154,0.24937 0.33279,0.4961 l 0.14625,-0.006 c 0,0 0.47473,2.7e-4 0.6103,-0.60978 0.13555,-0.61005 0.20309,-1.01699 0.20309,-1.01699 l 1.35599,-0.54208 -0.13591,-0.4067 h -0.54209 l -0.33899,-0.74569 c 0,0 -0.54209,-0.27129 -0.54209,-0.67799 0,-0.4067 0.13521,-0.60989 0.67748,-0.54209 0.54226,0.0678 1.01708,0.20309 1.35599,0.60978 0.33892,0.4067 0.81347,0.81373 1.15238,1.35599 0.33892,0.54227 0.81339,1.08417 0.81339,1.08417 l 0.20309,0.81339 c 0,0 0.339,0.136 0.74569,-0.33848 0.4067,-0.47449 0.67765,-0.81364 0.94878,-1.01699 0.23887,-0.17922 1.14955,-0.71877 1.37459,-0.85163 l 0.003,-0.003 v 0.003 l 0.0465,-0.0279 1.2206,0.94878 -0.2036,0.61029 c 0,0 0.13538,0.3389 0.54208,0.4067 0.40669,0.0678 0.47465,-0.0678 0.678,-0.4067 0.20335,-0.33891 0.6103,-0.88108 0.6103,-0.88108 0,0 0.0678,0.13566 0.40669,-0.0677 0.33892,-0.20335 0.47439,-0.6103 0.47439,-0.6103 l 0.40669,-1.15239 0.60979,-0.0677 0.40669,0.88108 c 0,0 0.94911,-0.20342 1.08468,-0.74569 0.13557,-0.54226 1.8e-4,-0.94895 -0.13539,-1.22008 -0.13556,-0.27114 -0.40669,-0.47439 -0.40669,-0.47439 l 3.52433,-3.18585 h 1.2883 c 0,0 -1.1e-4,0.20351 0.0677,0.67799 0.0678,0.47448 0.1354,0.94878 0.1354,0.94878 0,0 0.13546,0.0681 0.47439,-0.27078 0.33891,-0.33891 0.33898,-0.47491 0.74568,-0.47491 0.40671,0 0.81356,0.0679 1.08469,0.2713 0.27113,0.20335 0.4067,0.47447 0.4067,0.81339 0,0.33891 0.27113,0.54225 0,0.81339 -0.27115,0.27112 -0.33884,0.54234 -0.0677,0.74569 0.27113,0.20335 0.27078,0.60978 0.27078,0.60978 0,0 0.0677,1.22025 0.0677,1.49138 0,0.27114 -0.1354,0.40669 0.2713,0.40669 0.21393,0 0.29593,-0.0568 0.32763,-0.18965 0.0282,-0.12092 0.0114,-0.29982 0.0114,-0.55604 0,-0.54226 -0.0677,-2.23663 -0.0677,-2.57555 0,-0.33891 -2.6e-4,-0.74569 -0.13591,-1.15239 -0.13557,-0.40669 -0.67737,-0.94894 -0.74517,-1.22008 -0.0534,-0.22179 -0.56403,-0.76034 -0.74569,-0.94878 l -0.54261,-0.33899 c 0,0 -0.88073,-1.28794 -1.15186,-1.55908 -0.27114,-0.27113 -1.01707,-0.54242 -1.35599,-0.67799 -0.33891,-0.13557 -1.08469,-0.47439 -1.08469,-0.47439 0,0 -0.94878,-0.40686 -0.94878,-1.08469 0,-0.67783 -0.20353,-0.81329 0.13539,-1.28778 0.33891,-0.47448 1.0171,-1.2199 0.5426,-1.76217 -0.47448,-0.54226 -0.67799,-1.35598 -0.67799,-1.76268 0,-0.4067 -0.20344,-1.01655 -0.339,-1.35547 -0.13557,-0.33891 -0.40651,-1.35555 -0.54208,-2.50786 -0.13556,-1.15232 -0.20351,-1.49146 -0.2713,-1.83038 -0.0678,-0.33891 -0.33874,-0.54216 -0.54209,-0.88108 -0.20335,-0.33891 0.0676,-0.47448 -1.08469,-0.81339 -0.71064,-0.20986 -0.93019,-0.33871 -0.99529,-0.41031 l -5.2e-4,-0.001 -0.0217,-0.0646 0.6103,-0.54209 c 0,0 1.42326,-0.67808 1.76217,-1.01699 0.33892,-0.33892 1.22008,-1.69447 1.22008,-1.69447 l 0.94877,-0.74569 c 0,0 -0.60961,-0.47421 0.0682,-1.01648 0.67783,-0.54226 0.88108,-0.88108 0.88108,-0.88108 l 0.20309,-1.28778 1.15238,-0.13591 c 0,0 0.27113,-0.47455 0.4067,-0.74569 0.13556,-0.27113 0.2713,-0.74569 0.2713,-0.74569 l 1.01647,0.6103 c 0,0 -0.0674,-0.47474 0.54261,-0.2036 0.61005,0.27112 0.61012,0.54251 0.74569,1.01699 0.13556,0.47448 0.33865,0.88125 0.60978,1.15238 0.27114,0.27114 0.54208,0.47439 0.54208,0.47439 l 0.74569,0.81339 0.0677,1.76216 c 0,0 0.47456,-0.33881 0.74569,-0.47439 0.27113,-0.13555 1.15239,-0.40669 1.15239,-0.40669 0,0 0.47446,-0.47412 0.81338,-0.67748 0.33891,-0.20335 1.22009,-1.08468 1.22009,-1.08468 l 0.40669,-0.7457 1.49138,-0.33899 0.339,0.6103 1.82986,-0.27131 0.13591,0.6103 h 0.61547 2.36678 c 0,0 1.7e-4,-0.33917 -0.1354,-0.6103 -0.13558,-0.27113 -0.47439,-0.40669 -0.47439,-0.40669 l -0.1359,0.54209 c 0,0 -0.54199,-0.20325 -0.60979,-0.47439 -0.0678,-0.27113 0,-0.40678 0.4067,-0.74569 0.4067,-0.33892 0.81328,-1.08435 0.88108,-1.35548 0.0678,-0.27113 0.2713,-0.74569 0.2713,-0.74569 -0.0678,-0.4067 -0.5426,-1.08468 -0.5426,-1.08468 0,0 -0.27096,0.27147 -0.54209,0.5426 -0.27112,0.27113 -0.61038,0.13522 -0.94929,-0.13591 -0.3389,-0.27113 -0.0674,-1.15204 0.0682,-1.42317 0.13557,-0.27113 0.67748,-2.10116 0.67748,-2.10116 l -4.47363,-0.27131 -2.98225,-1.83038 -1.83038,-1.50171 -0.0677,-0.0568 -1.01648,1.82987 c 0,0 -0.0679,0.74577 -0.339,1.08468 -0.27113,0.33891 -0.61029,0.40644 -1.01699,0.60979 -0.4067,0.20335 -1.82986,0.81338 -1.82986,0.81338 v -1.15186 c 0,0 -2.7e-4,-0.33943 -0.20361,-0.81391 -0.20335,-0.47446 -0.54199,-0.60988 -1.01647,-0.54208 -0.47448,0.0678 -0.54243,0.27129 -0.678,0.67799 -0.13557,0.4067 -0.47455,0.27079 -0.74569,0.27079 -0.27113,0 -0.47447,-0.2707 -0.81339,-0.74518 -0.33891,-0.47448 -0.33899,-1.15238 -0.33899,-1.15238 h 0.6103 c 0,0 -0.068,-0.74586 -0.27131,-1.01699 -0.20334,-0.27114 -0.40686,-0.40653 -0.67799,-0.1354 -0.27114,0.27114 -0.94878,0 -0.94878,0 l -0.60978,0.54209 -0.13591,-0.60978 -0.67748,-0.9493 c 0,0 -0.40702,0.40677 -0.94929,0.74569 -0.54226,0.3389 -1.76217,0.4067 -1.76217,0.4067 l -0.20361,0.88108 -1.89755,1.15238 -0.2713,-0.94878 c 0,0 0.27122,-0.60995 -0.0677,-0.88108 -0.33891,-0.27115 -1.01699,-0.2036 -1.01699,-0.2036 l -0.60978,-1.49087 c 0,0 -0.40669,0.33883 -0.81339,0.47439 -0.25486,0.0843 -0.40189,0.35515 -0.47749,0.54467 -2.2e-4,5.3e-4 2.1e-4,5.3e-4 0,10e-4 h -5.3e-4 l -0.0646,-0.003 -0.74569,-0.339 -0.94878,-0.13539 0.0677,-0.88108 h 0.81339 c 0.47448,0 0.61019,-0.40687 0.67799,-0.678 0.0678,-0.27113 -0.0676,-0.81328 -0.54209,-0.88108 -0.47448,-0.0678 -0.27129,-0.20368 -0.67799,-0.5426 -0.40669,-0.33891 -0.61004,-0.13523 -0.81339,0.13591 -0.20335,0.27113 -1.08476,-0.20343 -1.42368,-0.339 -0.33891,-0.13556 -1.01648,-0.6103 -1.01648,-0.6103 l -0.339,-1.82986 c 0,0 -0.54242,-0.13582 -0.67799,-0.6103 -0.13557,-0.47449 -1e-5,-0.61003 0.40669,-0.81339 0.4067,-0.20334 0.54226,-0.33865 0.81339,-0.60978 0.27115,-0.27113 0.33883,-0.74577 0.0677,-1.08469 -0.27113,-0.33892 -0.33883,-1.28785 -0.47439,-1.62677 -0.13557,-0.33891 -0.40677,-0.27113 -0.74569,0 -0.33891,0.27112 -0.67748,-0.0677 -0.67748,-0.0677 l -0.13591,-0.81338 c 0,0 -0.54217,-0.54209 -0.88108,-0.94878 -0.33893,-0.4067 -0.47439,-0.4745 -1.28778,-0.4067 -0.8134,0.0678 -0.27114,0.67782 0,0.81339 0.27115,0.13557 0.27105,0.54225 0.0677,0.81339 -0.20334,0.27113 -0.47438,0.27069 -0.88108,0.74517 -0.4067,0.47448 0.339,1.08469 0.339,1.08469 l -0.47439,0.40669 -1.01699,0.2713 -0.46406,-0.0822 -0.004,0.0305 -0.001,-0.001 0.005,-0.0295 -0.68833,-0.12195 c 0,0 -8e-5,-0.74517 -0.339,-1.15187 -0.33892,-0.4067 -1.22008,-0.20361 -1.22008,-0.20361 l -0.88108,-0.94878 h -0.94878 l -0.4067,-0.40669 -1.08468,0.0677 -0.67748,0.74569 -0.6103,-0.74569 -0.6103,-0.339 -0.81597,-0.19275 -0.3359,-0.0786 -0.4749,1.28829 -0.47439,0.67748 -1.15239,1.15238 c 0,0 -0.47412,0.40661 -1.08417,0.0677 -0.61005,-0.33892 -0.94904,0.61039 -1.15238,0.9493 -0.20335,0.33889 -0.47448,0.33848 -0.81339,-0.0682 -0.33892,-0.4067 -2.10142,-0.40652 -2.30477,-0.13539 -0.20335,0.27115 -0.47448,0.20361 -0.81339,0.20361 -0.33892,0 -0.40677,0.0678 -0.74569,0.40669 -0.33891,0.33891 -0.60978,0.88108 -0.60978,0.88108 0,0 -0.33891,0.20299 -0.81339,0.27079 -0.47449,0.0678 -0.20351,0.6103 0.13539,0.6103 h 1.49139 l -5.3e-4,1.55856 h -0.339 l -0.2434,1.15806 5.3e-4,0.002 -0.0279,0.12868 -1.49087,-0.2713 c 0,0 -0.33907,-0.13539 -0.67799,-0.54209 -0.33891,-0.40668 -1.22008,-0.47439 -1.22008,-0.47439 l 0.20309,0.81339 -0.39688,-0.0631 -0.003,0.0114 -0.002,5.3e-4 0.003,-0.0109 -0.48214,-0.0729 -0.2036,-0.339 -1.28778,-0.0677 0.0677,-0.8816 -1.55908,-0.40669 v -0.54209 l -0.93225,-0.73483 -0.0176,-0.009 -0.2713,0.47439 h -1.89808 c -0.88118,0 -0.54209,0.54218 -0.54209,0.88109 0,0.33891 0.678,0.94929 0.678,0.94929 l 0.60978,0.40669 -0.94878,1.01648 -1.01699,-0.20309 0.0677,0.94878 c 0,0 0.13565,0.88109 -0.0677,1.28778 -0.20336,0.4067 -0.0679,1.15238 -0.339,1.55908 -0.27113,0.40669 -0.0676,0.54234 0.2713,0.74569 0.33892,0.20334 0.678,0.20309 0.678,0.20309 l 0.22014,0.70228 -0.43667,0.91002 -0.0134,0.0294 0.71004,-0.10283 v -0.0326 l 0.002,-5.3e-4 v 0.0326 l 0.19741,0.6289 -0.81339,0.74569 c 0,0 -0.60978,0.13529 -1.01647,0.20309 -0.40671,0.0678 -1.01707,0.13565 -1.76269,0.339 l -0.1111,0.0274 -0.002,0.004 c -0.72718,0.17624 -1.58336,0.17622 -1.58336,0.17622 l -0.54209,0.54209 -0.40669,-0.4067 c 0,0 -1.15246,0.33916 -1.49138,0.6103 -0.33891,0.27113 -0.60996,0.203 -0.88109,-0.13591 -0.27114,-0.33892 -0.60986,-0.13567 -0.94878,0.0677 -0.33891,0.20335 -1.49138,0.4749 -1.49138,0.4749 0,0 -0.88125,0.61004 -1.15238,0.81339 -0.27113,0.20335 -1.28778,0.67748 -1.28778,0.67748 l -0.67799,0.13591 -0.60979,-0.678 -0.4749,0.0677 -0.54209,0.5426 -0.87901,-0.14107 v -0.6103 c 0,0 -0.20317,-0.47413 -0.54209,-0.67748 -0.33891,-0.20335 0.20309,-0.678 0.20309,-0.678 0,0 0.67799,-0.13539 1.08469,-0.13539 0.4067,0 0.74569,-0.339 0.74569,-0.339 l -0.74569,-1.22007 -0.6103,0.60978 -0.47439,-0.60978 0.339,-0.678 c 0,0 -1.35564,0.13557 -2.03347,0 -0.67783,-0.13556 -1.14722,-1.30586 -1.14722,-1.30586 l -0.74517,-3.7605 2.57038,-0.35605 -0.13591,-2.71146 -3.48506,0.15296 -0.57722,0.20361 -0.64234,0.0346 -0.0408,-0.45734 h -0.016 -0.59376 l -0.70486,0.0837 -0.44752,0.32298 -0.339,0.54208 -1.22008,1.22008 c 0,0 -0.40651,0.61022 -0.94878,0.678 -0.54226,0.0678 -0.54209,0.339 -0.54209,0.339 l -1.62677,0.0677 -0.40669,0.47439 0.47439,0.4067 -0.15193,0.0506 -5.3e-4,-0.002 -0.66146,0.21963 c 0,0 -0.88108,-0.54199 -1.28778,-0.60979 -0.4067,-0.0678 -0.74594,-0.54217 -0.94929,-0.88108 -0.20335,-0.33892 -0.88109,-0.339 -0.88109,-0.339 h -0.88108 c 0,0 -0.13565,-0.20368 -0.339,-0.5426 -0.20336,-0.33892 -0.23047,-1.30431 -0.23047,-1.30431 l -0.10026,0.0791 -0.61805,0.48008 c 0,0 -0.068,0.20326 -0.2036,0.47439 -0.13557,0.27108 -0.77463,0.25373 -0.77463,0.25373 l -0.81339,0.10283 c 0,0 -0.31707,-0.61534 -0.57464,-0.57464 -0.20091,0.0271 -0.31189,0.70233 -0.54777,0.76223 -0.54227,0.13557 0.33848,0.60978 0.33848,0.60978 l 0.13591,0.5426 c 0,0 -0.33891,0.0677 -0.81339,0.0677 -0.47448,0 -0.74569,0.339 -0.74569,0.339 l -0.88108,-0.20361 -0.6103,-0.20309 c 0,0 -0.13529,-0.47456 -0.20309,-0.74569 -0.0678,-0.27113 -0.33916,-0.67815 -0.6103,-0.94929 -0.27113,-0.27113 -0.81338,-0.47439 -0.81338,-0.47439 h -0.81339 l -0.339,0.2713 h -0.74569 c -0.33194,0 -0.66571,0.13489 -0.77411,0.18397 l -0.44545,-0.18449 v -0.54208 l 0.40669,-0.4067 -0.76171,-0.95446 -0.0517,-0.0625 -0.1297,-0.83199 -0.0109,0.003 -2.53266,0.30437 c 0,0 -0.1745,-0.0844 -0.31006,-0.35553 -0.13557,-0.27114 -0.0678,-0.47465 0,-1.08469 0.0678,-0.61042 -0.26975,-0.60875 -0.26975,-0.60875 0,0 -0.36828,0.25162 -0.50385,0.59324 -0.13557,0.33621 -0.57464,0.20102 -0.57464,0.20102 l -1.32292,-0.0651 -0.78445,0.35605 c 0,0 -0.22792,0.75061 -0.50177,0.76171 -0.22504,0.008 -0.49115,-0.73494 -0.61289,-0.64544 -0.27113,0.20525 -0.64853,1.17151 -0.64853,1.17151 l -2.50786,-1.28778 0.0279,-0.0827 5.3e-4,-0.001 0.71779,-2.15542 -0.678,-0.13539 0.678,-1.89808 c 0,0 0.0679,-0.13538 -0.1354,-0.54208 -0.0127,-0.0277 -0.0263,-0.0542 -0.0398,-0.0791 -0.19061,-0.33568 -0.38868,-0.39532 -0.7059,-0.39532 -0.33892,0 -0.5425,-0.6103 -0.6103,-1.017 -0.0678,-0.4067 -0.67747,-0.67799 -0.67747,-0.67799 v -1.28778 l -2.64377,-1.82986 h -0.40669 c 0,0 -0.33866,-0.47438 -0.60978,-0.88108 -0.27114,-0.40669 -0.54251,0.40659 -1.017,0.47439 -0.47448,0.0678 -0.60978,-0.88109 -0.60978,-0.88109 l -3.05046,-0.0682 -0.80512,-0.2682 0.0134,0.0755 h -5.3e-4 l -0.0134,-0.0749 -0.42323,-2.5213 -1.22783,-0.37155 -0.002,-5.3e-4 -0.0134,-0.003 0.55863,-2.03864 0.49867,-0.062 h 0.43512 c 0,0 0.36287,-0.37425 0.73432,-0.55862 0.37416,-0.18708 1.24179,-0.80771 1.24179,-0.80771 l 0.16278,-0.10335 c -0.26653,-0.21122 -0.53759,-0.43331 -0.72657,-0.65319 -0.22775,-0.263 -1.49104,-2.68686 -1.54255,-3.00137 -0.0407,-0.0244 -0.34376,-0.21921 -0.36897,-0.22221 -0.48777,-0.0786 -1.12427,-0.0897 -1.62315,-0.0977 -0.26029,-0.003 -0.54226,0.0755 -0.80254,0.062 -1.40799,-0.0705 -2.94828,-0.81052 -4.21989,-1.3715 -0.0765,-0.0352 -0.14913,-0.0956 -0.21963,-0.13901 -1.74393,-1.0707 -2.57108,-1.39042 -3.688144,-3.13624 l -0.63717,-0.9927 c -0.225041,-0.71308 -0.140909,-2.60824 -0.07855,-3.44061 l 0.01913,-0.23565 c -0.309456,-0.35379 -0.265924,-0.67103 -0.420197,-1.05604 -0.07809,-0.19521 -0.257268,-0.37168 -0.335899,-0.56689 -0.119298,-0.29554 -0.14658,-0.6451 -0.271301,-0.93793 l -0.91984,-2.004 c -0.181658,-0.39044 -0.295341,-0.60719 -0.45992,-1.00304 -0.01897,-0.0407 -0.23036,-0.79186 -0.233061,-0.82166 -0.03064,-0.38501 0.104457,-0.81039 0.07545,-1.19269 -0.03823,-0.51515 -0.392896,-1.04918 -0.64234,-1.4857 0.203351,-0.75917 -0.08058,-1.55928 -0.504362,-2.30218 z"
         id="Zemgale"
         inkscape:connector-curvature="0"
         sodipodi:nodetypes="cccccccscccccccsscccccccccccccccccccsccccccccccccccccccccccccccccccscccccccccccccscccccccccscccsccccccccsscccccccscccccscccccccccccccccccccccccsccccccccccsccccccccccccccccccccccccccccccccccccccccccccccccccccccccccccccccccccccccccccccccccccccccccccccccccccccccccccsccccccccccccccccccccccccccscccccccccccccccccccccccccccccscscccsscsssccccccsccscccccccccsccccccccccccccccccccccccccccccccccccccccccccccccccsccccsccccccccccccccccccccsccscccccccccccccccccccccccccccccccccccccccccccssccscccccccccccccccccccccccsscccccccccccccccccccccccccccccccccccccccscccccccccccccccccccccccccccccccccccccccccccsccccscccscccccccccccccccccccccccccccsccccccccccccccccccccccccccccccccccccccccccc" />
      <path
         inkscape:connector-curvature="0"
         style="fill:#76cb58;fill-opacity:1;stroke:#ffffff;stroke-width:0.264583;stroke-linejoin:round;stroke-miterlimit:4;stroke-dasharray:none"
         id="Riga"
         d="m 132.21659,130.07591 c 0.20335,-0.27114 0.27113,-0.13557 1.01675,0.0678 0.74561,0.20335 0.13556,-0.61005 -0.20335,-0.67783 -0.33892,-0.0678 -0.74562,-0.0678 -1.28788,-0.0678 -0.54227,0 -0.54227,0.4067 -0.54227,0.4067 l -0.0751,-0.0816 -0.60273,-0.664 -0.94896,0.13556 -0.67783,-1.01674 -0.0182,-0.0491 c 0.32455,-0.12987 0.63906,-0.23046 0.8378,-0.24374 0.62849,-0.49346 1.95216,-0.89772 2.50526,-1.6268 0.66103,-0.87575 0.89745,-0.97879 1.15503,-2.02807 0.003,-0.0135 0.0949,-0.10303 0.11116,-0.11659 0.23236,-0.0491 0.48533,-0.10303 0.70684,-0.19521 -0.008,-0.13286 0.0325,-0.3118 0.10032,-0.42568 0.75646,0.0296 1.09267,-0.43408 1.6756,-0.75131 0.19793,-0.10574 0.50431,-0.17867 0.72121,-0.25459 0.22043,-0.13557 0.43924,-0.2386 0.65967,-0.32265 l 0.0181,0.0491 0.27114,1.01675 h 0.67782 l 0.33892,0.27113 0.27113,1.22009 0.54227,0.0431 1.15231,0.0925 0.47448,0.88118 -0.13556,1.01675 0.94896,0.88118 2.64354,0.61004 0.61005,0.94897 0.47448,0.27113 0.33891,1.15231 0.54227,0.13557 -0.0182,0.0971 -0.1174,0.58077 -0.88118,0.13556 -0.33891,0.81367 -0.94897,-0.27113 -0.33891,0.54226 -0.54227,-0.20334 -0.20335,0.94896 -0.67783,0.20335 0.4067,0.47448 -0.4067,1.08453 0.4067,0.33891 -0.4067,0.4067 0.85217,1.47442 0.84241,0.69518 0.46092,0.29825 0.0868,0.0567 0.94896,0.44221 0.73992,-0.11875 -0.43381,0.5588 -0.71308,0.0678 c 0,0 -0.27113,-0.0355 -0.94896,-0.17108 -0.67783,-0.13557 -0.68353,0.0868 -0.88688,-0.31993 -0.20335,-0.40671 -0.70494,-0.59351 -0.97607,-0.6613 -0.25216,-0.0621 -0.77815,-0.25785 -1.12303,-0.66997 -0.0247,-0.0296 -0.0491,-0.0599 -0.0708,-0.0922 -0.33892,-0.47448 -0.74561,-0.74561 -0.88118,-1.08453 -0.13556,-0.33892 -0.61005,-0.8134 -0.61005,-0.8134 l -1.01674,1.2201 -0.47448,-0.8134 -0.74562,0.54227 -0.74561,0.27113 0.27113,0.74561 -0.401,0.11388 -0.54796,0.15725 h -0.8134 l 0.006,-0.0323 0.401,-1.93345 -1.35565,-0.54226 c 0,0 -0.0678,-0.20335 -0.27114,-0.54226 -0.20335,-0.33892 -0.47448,-0.27114 -0.8134,-0.27114 -0.33891,0 -0.74561,-0.0678 -0.74561,-0.0678 0,0 -1.01674,-0.8134 -1.69458,-1.01675 -0.54958,-0.16512 -0.69952,-0.24212 -0.73477,-0.26381 -0.008,-0.005 -0.0109,-0.007 -0.0109,-0.007 l 0.88119,-0.74561 0.20335,-0.61005 1.35566,-0.54253 0.54226,-0.13557 -0.94896,-0.54227 c 0.001,-0.001 -0.0664,-0.2047 0.13692,-0.47583 z" />
      <path
         style="fill:#ac7839;fill-opacity:1;stroke:#ffffff;stroke-width:0.264583;stroke-linejoin:round;stroke-miterlimit:4;stroke-dasharray:none"
         d="m 71.190487,71.892896 c -0.470329,-0.0066 -1.08585,0.342296 -1.427303,0.448035 -1.043861,0.32265 -2.63003,0.561427 -3.592547,1.128097 -0.496173,0.292819 -0.945988,0.683348 -1.444874,0.976167 -0.599199,0.35247 -1.287946,0.712677 -1.916162,1.008208 -0.967936,0.45008 -1.980221,0.816118 -2.947623,1.263489 -1.149331,0.53413 -2.239727,1.214736 -3.39204,1.746147 -0.477464,0.21962 -1.024644,0.363569 -1.488281,0.610298 -0.344067,0.18166 -0.667107,0.458113 -1.003041,0.683162 -0.121631,0.08373 -0.24633,0.159084 -0.373621,0.218591 -0.26815,0.127431 -0.685905,0.08121 -0.962731,0.200504 -0.555821,0.238601 -1.027168,0.697005 -1.60197,0.919324 l -0.360701,-0.130223 c -0.453062,0.189788 -1.314831,0.640014 -1.607654,1.062982 -0.249443,0.1084 -0.670406,0.113628 -0.930693,0.05943 -0.881181,0.7673 -1.987531,1.296202 -3.118154,1.545643 -0.335931,0.07321 -0.680569,0.50437 -1.493967,0.54777 -0.851627,0.0434 -1.734505,-0.111393 -2.586405,-0.04909 -1.5807,0.116588 -3.056316,0.211783 -4.580083,0.686263 -0.271132,0.08676 -0.550005,0.33074 -0.821137,0.39584 -0.3419,0.0812 -0.786752,-0.01934 -1.122413,0.07286 -0.693827,0.189791 -1.439868,0.55322 -2.134237,0.799952 -0.24429,0.262998 -0.582745,0.52628 -0.712619,0.862478 -0.130683,0.34163 -0.336986,0.748239 -0.423746,1.100709 -0.14641,0.61005 -0.03997,1.021821 -0.321942,1.721342 -0.477734,1.19298 -1.147395,2.299383 -1.819529,3.402894 l 0.04341,0.02739 -0.0011,0.0011 -0.04289,-0.02739 c -0.460925,0.759172 -0.924888,1.515907 -1.3286,2.302187 -0.02468,0.04881 -0.09241,0.205727 -0.121957,0.238229 -0.263001,0.306379 -0.713002,0.713221 -0.91364,1.052131 -0.381751,0.64801 -0.699522,1.773365 -0.999939,2.535245 l -0.881083,-0.300757 c -0.159968,0.333492 -0.311454,0.704805 -0.496093,1.024747 -0.01527,0.0268 -0.03247,0.0533 -0.05116,0.0801 h -10e-4 c -0.129601,0.19251 -0.324975,0.37685 -0.414445,0.57206 -0.168102,0.37145 -0.200343,0.83545 -0.374138,1.20148 -0.278996,0.58293 -0.861917,1.11397 -1.203544,1.67793 -0.263268,0.43381 -0.453249,0.95189 -0.737939,1.36942 -0.439233,0.6453 -0.994814,1.26606 -1.477429,1.88154 0.171083,0.68325 -0.568376,1.10654 -0.503846,1.76268 0.05125,0.53415 0.204911,1.06784 0.265101,1.60197 0.07863,0.68325 -0.200418,3.57361 -0.284738,4.28398 -0.04609,0.40127 -0.219006,0.82152 -0.243395,1.22008 -0.0052,0.11117 0.11884,0.54514 0.12454,0.68884 0.0087,0.25215 -0.07596,0.52352 -0.07596,0.77567 0,0.96794 0.312156,1.91946 0.366386,2.87114 0.05178,0.92456 -0.111035,3.93671 -0.200504,4.77749 -0.103031,0.98421 -0.900372,1.8163 -1.336353,2.6541 -0.336202,0.65153 -0.533904,1.42203 -0.900203,2.05052 -0.05965,0.1033 -0.133405,0.12956 -0.219625,0.21446 v -5.3e-4 c -0.138549,0.13557 -0.292853,0.27073 -0.444417,0.40359 l 0.02739,0.0289 -0.001,0.004 -0.02739,-0.0294 c -0.197384,0.17894 -0.396202,0.35579 -0.564307,0.5426 -0.263268,0.29554 -0.485292,0.70207 -0.769979,0.97049 -0.505121,0.47204 -1.244651,0.8463 -1.700154,1.34978 -0.634722,0.69681 -0.875913,1.76565 -1.700155,2.3456 -1.523764,1.07395 -3.2400386,1.91711 -4.78007,2.98483 -0.054227,0.038 -0.740411,0.59982 -0.7648112,0.62942 -0.070494,0.0816 -0.2464027,0.56098 -0.3033405,0.60978 -0.5232858,0.47448 -1.2523248,0.90315 -1.8303793,1.31826 -0.1030301,0.45523 -0.3091733,1.05551 -0.3389974,1.51102 0,0.0567 0.1811118,0.59922 0.1979208,0.69712 0.1195694,0.69111 0.2386068,1.61829 0.2304769,2.3151 -0.00569,0.42052 -0.1381019,0.85679 -0.1519287,1.28003 -0.013285,0.39287 0.062012,0.79927 0.062012,1.19269 0,1.18972 -0.042905,2.38547 -0.064596,3.57601 -0.00325,0.0626 -0.2656202,0.66422 -0.2930054,0.78135 -0.046091,0.18898 -0.00466,0.41959 -0.042891,0.61236 -0.1374643,0.68244 -0.4718402,1.42538 -0.526066,2.12029 -0.00488,0.0731 0.00622,0.27827 0.017052,0.46302 h -0.00103 c 0.00569,0.15157 0.010959,0.28995 0.0031,0.32814 -0.086762,0.40074 -0.5452554,1.01041 -0.4283974,1.45263 h 5.291e-4 c 0.00191,0.0217 0.010745,0.0434 0.018603,0.0651 -0.7724561,1.0463 -1.0491202,2.70576 -1.3988809,3.93154 -0.00596,0.0217 0.04857,0.65362 0.05426,0.71572 0.056938,0.77571 -0.012666,1.5265 -0.062012,2.30167 l 0.1462443,0.10594 -0.5203816,0.62941 c 0.2201596,0.48046 0.6585743,1.78102 0.8407755,2.79208 0.075176,0.42503 0.1077545,0.79845 0.056844,1.03973 -0.026842,0.1315 -0.2976507,0.67558 -0.3033407,0.76068 -0.032536,0.45035 0.094866,1.07361 0.1379761,1.5291 l -0.2898974,0.48006 -0.2382283,-0.0243 c -0.46173831,1.07098 -0.55625542,3.06071 -1.11207684,3.78788 0.083509,0.82668 0.13549212,1.68092 0.25424805,2.50218 0.17677839,1.22281 0.52390529,2.40811 0.58084309,3.6499 0.0325359,0.74019 -0.19265273,1.20842 -0.23874513,1.83555 l -0.005684,0.13591 h 5.1594e-4 c -0.032536,0.77381 0.1304966,1.67973 -0.30385742,2.37246 l 2.10426431,5.45755 c 0.043381,0.11388 0.097561,0.22906 0.1328085,0.34727 0.6374321,2.11457 1.2335587,4.22681 1.7161743,6.38204 0.8429506,-0.33349 1.5717136,-0.8618 2.4019205,-1.22783 0.7591713,-0.3362 2.2231876,0.13525 2.9744953,0.3085 0.2334442,-0.12716 0.7890295,-0.50903 0.9058885,-0.76688 l 1.013374,-2.26911 c 0.360876,-0.81014 -0.561413,-1.59926 -0.480074,-2.43706 0.0057,-0.0442 0.171616,-0.48049 0.203606,-0.56999 0.315326,-0.47963 1.334562,-0.24674 1.779219,-0.83509 0.940288,-1.24966 2.281921,-3.41314 3.575492,-4.28863 1.497194,-0.14126 3.147752,-1.14428 4.452442,-1.86035 0.167559,-0.20877 0.726666,-2.04133 1.087272,-2.63239 0.0084,-0.006 0.01919,-0.0136 0.02739,-0.0165 v 0.003 c 0.970654,-0.65668 1.550469,-0.0192 2.249991,-0.37466 0.06534,-0.0323 0.591699,-0.28669 0.613399,-0.31109 0.726635,-0.77001 1.609875,-1.37182 2.518709,-1.91978 l 1.894975,0.33073 c 0.651263,0.11388 1.507654,0.58276 2.117701,0.50436 0.05423,-0.006 1.180195,-0.26639 1.209746,-0.27698 0.363313,-0.15779 0.826791,-0.77868 1.17357,-1.02216 0.09218,-0.0678 0.198258,-0.13519 0.306443,-0.20619 l -5.29e-4,-0.004 c 0.238442,-0.14981 0.501594,-0.29549 0.723471,-0.40928 0.141259,-0.0705 1.0165,-0.4067 1.076421,-0.4501 0.03253,-0.026 0.767709,-0.89907 0.843359,-0.98857 0.116858,-0.13557 1.396698,-0.76967 1.629873,-0.91364 0.354909,0.16837 0.873043,0.49318 1.241785,0.58808 0.349491,0.0895 1.912958,-0.35783 2.211752,-0.4961 0.702503,-0.3278 0.686046,-0.83345 1.580783,-0.81855 0.438755,-0.32095 0.671602,-0.87859 0.853178,-1.31517 h 0.0011 c 0.124722,-0.30665 0.225129,-0.55348 0.349851,-0.61288 v -0.78496 c 0.754559,-0.054 1.548148,-0.0679 2.297017,-0.16795 1.287878,-0.17353 2.670823,-0.84583 3.990969,-0.66146 0.442214,0.0624 0.910945,0.30362 1.352889,0.40153 0.392872,0.0824 0.818944,0.0704 1.211813,0.15554 l 0.228409,0.12609 1.607656,0.86455 c 0.504307,0.26571 1.404041,-0.19273 1.827279,-0.34158 0.03525,-0.0111 1.236305,-0.0404 1.363739,-0.0434 0.347049,0.19494 1.021398,0.76445 1.070737,1.20613 0.38989,-0.18546 0.802148,-0.4312 1.21698,-0.55294 1.694577,-0.50458 2.095654,-0.63149 3.82819,-0.22479 0.22043,0.0502 0.504378,-0.0526 0.734838,-0.0816 2.158214,1.19192 2.56489,1.02367 4.72581,1.10587 0.345152,0.23046 0.692452,0.53674 1.088306,0.67231 0.170812,0.0572 1.045831,0.2821 1.081071,0.41497 l 0.208772,0.8077 c 1.047113,0.21393 1.290217,0.16105 2.095479,0.70331 0.521391,-0.0163 1.656559,-0.98969 2.18798,-1.3503 l 0.0925,0.03 c 0.441947,0.13556 0.998283,0.37134 1.451076,0.44184 1.674783,0.26002 4.643884,-0.32082 6.276101,-0.7953 0.412121,-0.23508 0.58582,-0.86694 0.688848,-1.44798 l -0.762227,-0.28474 c 0,0 -0.271039,-0.10283 -0.47439,-0.10283 -0.203348,0 -0.406437,0.0677 -0.609783,0.23823 -0.203351,0.16922 -0.746117,0.3501 -0.995288,0.1633 -0.249172,-0.18628 -0.93276,-0.4961 -0.93276,-0.4961 l -1.043863,-0.12454 -0.249081,-0.74569 -0.683678,-0.49558 H 76.43883 l 0.241329,-0.92191 -0.363283,-0.3116 c 0,0 0.185147,-0.24927 0.363283,-0.55863 0.177049,-0.3118 0.371528,-0.43666 0.806154,-0.43666 0.435983,0 0.498353,-0.37171 0.186552,-0.62115 -0.308549,-0.24754 -0.186552,-0.68317 -0.186552,-0.68317 l -0.06201,-0.55913 -1.480529,-0.062 c 0,0 -0.124904,-0.43381 0.124539,-0.86816 0.249442,-0.43682 0.612884,-0.36328 0.612884,-0.36328 l 0.496094,-0.62064 -0.374137,-0.2496 v -1.30483 l 0.745691,-0.43408 0.249597,-1.11983 -0.374139,-0.0625 c 0,0 -0.246843,-0.24592 -0.184483,-0.60978 0.06182,-0.36332 -0.125058,-0.98702 -0.125058,-0.98702 l 0.09715,0.0729 5.29e-4,-5.3e-4 0.648023,0.47955 h 1.117245 l 0.435632,-0.49867 1.117245,-0.0625 v -0.4961 c 0,0 -0.0629,-0.12413 -0.434083,-0.3085 -0.373349,-0.18735 -0.93276,-0.80822 -0.93276,-0.80822 0,0 0.187264,-0.49957 -0.124539,-0.87075 -0.309089,-0.37443 -0.124566,-0.62064 0.249597,-0.62064 0.371451,10e-6 0.930175,-0.062 0.930175,-0.062 l 0.436149,0.37104 0.54777,0.2496 c 0,0 0.499311,0.0634 0.683681,-0.18655 0.187354,-0.24565 0.249078,-0.73536 0.249078,-0.73536 v -1.24127 c 0,-0.31126 0.187069,-0.62063 0.187069,-0.62063 l 0.68368,-0.31109 -0.436149,-1.05524 h -0.371036 l -0.249597,-0.8077 -0.496094,-0.11369 0.186552,-0.49661 c 0,0 -1.170445,-0.12402 -1.605071,-0.12402 -0.43571,0 -0.499218,-0.37466 -0.125058,-0.37466 0.371451,0 0.32298,-0.63148 0.32298,-0.63148 l 0.785482,-0.29921 -0.0072,-0.046 -0.233577,-1.38338 0.924491,-0.062 c 0,0 -0.186885,-1.04557 -0.311607,-1.29501 -0.12445,-0.24673 -0.186553,-0.99219 -0.186553,-0.99219 0,0 -0.124539,-1.86472 -0.124539,-2.29909 0,-0.4338 -0.921846,-1.16917 -1.230934,-1.35598 -0.281985,-0.1681 -0.258615,-0.28696 -0.253215,-0.5364 0.0035,-0.0268 0.0036,-0.0557 0.0036,-0.0853 0,-0.31072 -0.434599,-0.43512 -0.434599,-0.43512 l -0.683162,-0.12195 -0.496094,0.30902 -1.057815,0.0625 c 0,0 -0.443955,0.20718 -0.321945,0.64234 0.124722,0.43707 -0.661572,0.0401 -0.845944,-0.20929 -0.187079,-0.24619 -1.057299,-0.86661 -1.057299,-0.86661 l -1.179256,0.30902 c 0,0 -0.06297,-0.49625 -0.125058,-0.74569 -0.06263,-0.24672 -0.371877,-0.30903 -0.683678,-0.30903 h -0.796335 c 0,0 -0.311724,-0.68355 -0.496093,-1.12034 -0.187082,-0.43304 -0.745496,-0.42284 -1.057299,-0.37104 -0.308819,0.051 -0.9325,-0.0518 -1.553393,0 -0.620895,0.0507 -0.621151,0.2465 -0.621151,0.2465 0,0 -0.485064,-0.24635 -0.609783,-0.48576 -0.124722,-0.23833 -0.37447,-0.6828 -0.559655,-0.93224 -0.04339,-0.0572 -0.05684,-0.12186 -0.04599,-0.18965 0.03443,-0.22504 0.316399,-0.47731 0.604615,-0.61857 0.371451,-0.18437 0.485241,-0.55862 0.485241,-0.55862 0,0 -0.05987,-0.92952 -0.121957,-1.5534 -0.06318,-0.62117 -0.178845,-0.91958 0.371554,-1.10639 0.549587,-0.18708 0.310989,-0.43628 0,-0.49868 -0.309091,-0.0599 -0.309512,-0.0599 -0.672827,-0.0599 -0.363318,0 -0.62079,-0.0616 -0.870231,-0.31161 -0.249441,-0.24944 -0.372176,-0.0624 -0.683162,0.18707 -0.192381,0.15186 -0.545394,0.16816 -0.788583,0.1602 0.01087,-0.019 0.01601,-0.0295 0.01601,-0.0295 0,0 -0.203346,-0.40687 -0.406694,-0.67799 -0.203351,-0.27114 -0.27079,-0.67782 0.135908,-0.81339 0.406697,-0.13557 0.745438,-0.74577 0.542087,-1.08469 -0.203348,-0.33891 -0.338741,-0.81346 -0.135393,-1.15239 0.203351,-0.33892 0.338479,-1.08417 0.338479,-1.08417 l 0.610298,-0.0677 c 0,0 1.7e-4,-0.74586 0.271304,-1.01699 0.265531,-0.26581 0.856057,-0.9864 0.878499,-1.4609 l 0.612365,0.44494 0.47439,0.54208 h 1.152385 l 0.338997,-0.54208 c 0,0 -0.745522,-0.27139 -0.47439,-0.6103 0.271134,-0.33892 1.016476,-0.20309 1.016476,-0.20309 l 0.406694,-0.20361 0.542602,0.6103 h 1.016474 l -0.0677,0.47439 h 0.610299 l 0.542086,-2.30477 c 0,0 -0.542343,-1.01655 -0.745691,-1.35547 -0.203345,-0.33891 -0.0677,-1.01699 -0.0677,-1.01699 l 0.203607,-1.49087 1.762165,-0.6103 1.762167,0.0677 0.47439,-0.60978 c 0,0 0.54225,0.13539 0.813388,0.13539 0.271131,0 0.881599,-0.13539 0.881599,-0.13539 v -0.678 c 0,0 0.813041,-0.40643 1.08417,-0.60978 0.271137,-0.20335 0.338997,-0.94929 0.338997,-0.94929 l 0.677995,0.47439 0.47439,-0.54209 h 0.542086 l 0.406694,0.54209 0.338997,-0.67748 0.949296,0.47439 1.151869,0.0677 0.542602,0.678 c 0,0 0.12799,-2.7e-4 0.274402,-0.0708 0.17081,-0.0868 0.365115,-0.27091 0.403075,-0.67489 0.06779,-0.74562 0.135911,-1.28778 0.135911,-1.28778 0,0 0.474387,-0.20351 0.474387,-0.678 0,-0.47448 -1.82e-4,-0.88108 0.542086,-0.88108 0.542264,0 0.474901,-0.0677 0.8816,-0.47439 0.406699,-0.4067 0.541994,-0.94919 1.016476,-1.01699 0.47448,-0.0678 1.220161,0.20361 1.559079,-0.20309 0.338912,-0.4067 0.745341,-1.22025 1.016476,-1.49138 0.271129,-0.27113 0.406776,-0.40659 0.745688,-0.47439 0.24673,-0.0488 0.423008,-0.24122 0.471808,-0.47439 l -0.05943,-0.0165 -5.29e-4,-5.2e-4 0.05994,0.016 c 0.01979,-0.0867 0.02151,-0.17859 0.0026,-0.27079 -0.06778,-0.33892 -0.135486,-0.88142 0.338997,-1.01699 0.474485,-0.13556 0.881084,-0.27078 0.881084,-0.27079 l -0.745692,-3.45715 c 0,0 1.016723,-1.01689 2.033469,-1.08469 l 0.03256,-0.016 c -0.378775,-0.66427 -0.867611,-1.28783 -1.220081,-1.80299 -0.226939,-0.61818 0.529497,-1.1415 0.434599,-1.72444 -0.366842,-0.55582 -1.182814,-0.34969 -1.711523,-0.50695 -0.837803,-0.24944 -1.699623,-0.64525 -2.518712,-0.95704 -0.295532,-0.11117 -0.450982,-0.263402 -0.55862,-0.431502 h 0.0016 C 89.660622,99.476978 89.590161,99.230055 89.378677,98.983326 89.045998,98.595606 87.023546,97.69834 86.435187,97.40823 86.332156,97.31062 85.339672,96.378194 85.311743,96.337493 85.029766,95.919954 84.95088,95.271905 84.690591,94.832675 84.650731,94.764895 84.190068,94.428381 84.119567,94.33348 83.872023,94.005402 83.734323,93.51745 83.470513,93.21107 83.250837,92.949696 82.8228,92.787241 82.584204,92.535091 82.332863,92.272092 82.17179,91.81367 81.908791,91.572359 81.854562,91.52084 81.24171,91.279691 81.130546,91.206491 80.626239,90.873002 80.2087,90.325209 79.701693,90.010699 79.048256,89.603997 78.321565,89.289291 77.675458,88.871749 76.658712,88.210191 73.714577,85.989966 73.074706,85.095235 72.735788,84.620747 72.475562,84.078597 72.128511,83.609539 v -5.29e-4 c -0.352198,-0.479912 -1.304269,-1.325751 -1.404049,-1.9358 l -0.571542,-3.554304 -0.118856,0.01913 h -0.0026 l 0.118856,-0.01913 -0.160197,-1.003041 c -0.05396,-0.338921 0.900776,-3.601069 0.987536,-3.804419 0.173527,-0.41483 0.664265,-0.514862 0.615466,-1.192692 l -0.105421,-0.157096 c -0.08795,-0.04677 -0.1886,-0.06721 -0.297138,-0.06873 z M 3.3331298,155.41028 h 0.00103 l 0.5415693,0.21652 z m 73.8843772,5.2157 -5.29e-4,5.3e-4 z m -76.49145314,22.80894 0.0645955,0.003 5.1594e-4,5.3e-4 z"
         id="Kurzeme"
         inkscape:connector-curvature="0"
         sodipodi:nodetypes="cccccccccccccccccccccccccccccccccccccccccccccccsccccccccccccccccccccccsccccccccccccccccccccccccccccccccccccccccccccccccccccccccccccccccccccccccccccccccccccccsccccccccccsccccccccccccccccccccccccccccccscccccccsscccccccsccscccccccccscccccccccccccsccccccccccccccccccccccccccccccscccccccccccccccsscccccccccccccccccccccccccccccccccccccccccccccccccccccccc" />
    </g>
  </g>
</svg>
