<?xml version="1.0" encoding="UTF-8" standalone="no"?>
<!-- Created with Inkscape (http://www.inkscape.org/) -->

<svg
   width="117.61298mm"
   height="133.48123mm"
   viewBox="0 0 117.61298 133.48125"
   version="1.1"
   id="svg78494"
   sodipodi:docname="Palestine_election_results_2006.svg"
   inkscape:version="1.3 (0e150ed, 2023-07-21)"
   xmlns:inkscape="http://www.inkscape.org/namespaces/inkscape"
   xmlns:sodipodi="http://sodipodi.sourceforge.net/DTD/sodipodi-0.dtd"
   xmlns="http://www.w3.org/2000/svg"
   xmlns:svg="http://www.w3.org/2000/svg">
  <sodipodi:namedview
     id="namedview389"
     pagecolor="#ffffff"
     bordercolor="#666666"
     borderopacity="1.0"
     inkscape:pageshadow="2"
     inkscape:pageopacity="0.0"
     inkscape:pagecheckerboard="0"
     inkscape:document-units="mm"
     showgrid="false"
     inkscape:zoom="0.83176483"
     inkscape:cx="236.24466"
     inkscape:cy="226.62656"
     inkscape:window-width="912"
     inkscape:window-height="726"
     inkscape:window-x="34"
     inkscape:window-y="25"
     inkscape:window-maximized="0"
     inkscape:current-layer="layer1"
     inkscape:showpageshadow="2"
     inkscape:deskcolor="#d1d1d1" />
  <defs
     id="defs78491" />
  <g
     id="layer1"
     transform="translate(24.444681,-78.489624)">
    <path
       id="Quds"
       style="fill:#f2b642;fill-opacity:1;stroke:#ffffff;stroke-width:0.259942;stroke-opacity:1"
       d="m 63.140262,144.52825 c -0.134931,-9.3e-4 -0.26829,0.003 -0.399615,0.0115 v 4.8e-4 c -0.826101,0.0538 -1.583508,0.28644 -2.253034,0.66032 -0.429993,0.5158 -0.178306,1.74282 -1.187871,1.20748 -0.398456,-0.21269 -0.943387,0.0611 -1.270949,0.44497 -0.46934,0.23224 0.205089,-0.61124 -0.254476,-0.60636 -1.437357,0.12467 -2.831073,0.48408 -4.22199,-0.0635 -1.156246,-0.66247 -1.463952,0.57196 -2.141318,1.10243 0.273782,0.74803 0.862766,1.6963 0.412986,2.65701 l -0.278831,0.0955 c 0.01474,0.0489 0.03232,0.0954 0.04912,0.13942 0.04647,0.11246 0.09987,0.21768 0.17808,0.30079 0.0169,0.0196 0.03203,0.034 0.04912,0.0487 0.432675,0.36424 0.759745,0.40592 1.273336,0.54526 h 0.0029 c 0.268653,0.0171 0.50857,-0.0539 0.77966,0.0291 0.46934,0.14423 0.809163,0.56221 1.220823,0.81643 0.210217,0.12957 1.921631,0.74572 2.168523,0.78971 0.374002,0.0636 1.072884,0.20318 1.456672,0.15184 0.539763,-0.0708 1.128167,-0.26863 1.675328,-0.21533 v 9.2e-4 c 0.569816,0.056 0.929121,0.42218 1.305325,0.47889 0.43682,0.065 0.742296,0.0209 1.063256,0.42923 0.02839,0.27061 0.242746,0.88563 0.41728,1.101 -0.01592,0.1061 -0.02594,0.21808 -0.01955,0.32513 -0.08508,0.0741 -0.107805,0.1926 -0.182855,0.27693 -0.01395,0.0836 -0.110763,0.47745 -0.110763,0.47745 -0.01926,0.13909 0.128014,0.50957 0.247796,0.59586 0.03861,-0.011 0.145669,-0.0361 0.18428,-0.0152 0.02122,0.353 -0.138016,0.99592 -0.116019,1.05898 0.04765,0.13665 -0.01798,0.34143 -0.02201,0.49225 0,0 -0.305319,0.0175 -0.325606,0.0463 -0.01709,0.0757 -0.08734,0.53188 -0.06111,0.56243 0.04175,0.014 -0.03812,0.55051 -0.03812,0.55051 0,0 0.248769,0.0605 0.34948,0.0768 0.02201,0.20486 -0.350177,1.80754 -1.114815,0.75199 -0.07968,-0.11073 -0.378385,-0.80243 -0.428745,-1.02317 -0.09481,-0.0848 -0.315989,-0.1 -0.441154,-0.0926 -0.09948,0.0416 -0.134833,0.17068 -0.238718,0.19146 -0.272072,-0.008 -0.449504,-0.30623 -0.551434,-0.27788 -0.245428,0.14179 -0.223932,0.60621 -0.702321,0.18525 -0.333427,0.0404 -0.289707,0.25415 -0.446881,0.40058 -0.111224,0.1039 -0.588287,0.24212 -0.615422,0.24016 l 0.836947,1.51352 1.283366,-0.27502 0.962515,0.0458 1.008357,0.59585 1.10001,-0.36668 0.916683,1.00837 c 0,0 0.295514,-0.4434 0.607317,-0.93055 l 0.18429,0.30462 c 0.603534,-0.12688 1.36102,-0.83883 2.101204,-0.67798 0.646822,0.22538 0.645083,-1.09887 1.600377,-0.54811 0.672237,-0.0149 0.872158,-0.80136 1.743619,-0.46743 0.579572,0.0853 1.575942,0.32004 1.50775,-0.26689 -0.0389,-0.32929 1.664531,-0.13329 2.797797,-0.27215 0.927913,0.15718 1.37003,-0.88234 2.194303,-0.76965 1.067019,0.0692 1.714489,-0.0356 2.360465,-0.0491 0.38759,-0.008 0.774492,0.0166 1.250897,0.1313 0.458818,0.20192 0.510171,0.83066 1.44616,0.34615 0.437095,-0.15162 1.67295,-0.2806 2.185244,0.12987 0.300416,-0.61317 1.032142,-0.81733 1.671035,-1.0628 0.07987,-0.20485 0.05109,-0.45543 0.05109,-0.67178 0.02063,-0.007 0.02633,-0.0147 0.0449,-0.021 -0.02309,-0.12432 -0.04175,-0.25014 -0.06779,-0.33612 -0.466658,-0.45028 -0.409754,-0.96423 -0.772026,-1.33018 -0.276709,-0.41704 -0.430661,-0.71678 -0.979708,-1.05803 -0.417516,-0.33784 -0.889695,-0.3586 -1.368811,-0.21437 -0.427546,0.0425 -0.774816,0.2622 -1.042723,0.62498 -0.516528,0.33123 -0.898832,-0.0217 -1.263786,0.27167 -0.419471,0.20338 -0.72141,0.41277 -1.220813,0.21866 -0.417516,-0.16525 -0.855024,-0.0978 -1.275723,-0.24922 -0.540716,-0.0506 -0.83681,-0.28208 -1.36213,-0.39772 -0.630189,-0.0805 -0.332612,-0.66197 -0.08498,-1.18216 0.235161,-0.30704 -0.01503,-1.02886 -0.258298,-1.01028 -0.38818,-0.0846 -0.737611,-0.27931 -1.003572,-0.50372 -0.09225,-0.52558 0.469389,-0.77526 0.578658,-1.43236 0.142506,-0.39462 0.477465,-0.88479 0.348527,-1.25711 -0.425571,0.16084 -0.719061,0.32307 -1.257576,-0.58584 -0.667345,0.44735 -2.141201,-0.073 -2.583897,-1.2977 -1.346922,-2.31498 -2.64249,-0.29832 -3.280489,-2.09506 -1.339583,0.46691 -1.410438,-0.50342 -2.160899,-0.7601 -1.170895,0.99493 -1.703633,0.0902 -2.95057,0.0926 -0.432488,-0.0935 -0.852774,-0.14021 -1.257577,-0.14324 z" />
    <path
       id="Jericho"
       style="fill:#e8911f;fill-opacity:1;stroke:#ffffff;stroke-width:0.259942;stroke-opacity:1"
       d="m 91.492553,112.82174 c -0.84066,0.41069 -1.603422,0.98246 -2.451657,1.21225 -0.796912,0.77981 -1.630715,0.67253 -2.434966,0.23252 -0.395999,-0.78226 -1.38842,0.21743 -2.02864,0.41299 -0.598887,0.97537 -1.256575,0.38876 -1.278572,-0.28838 -0.173561,-0.48891 -0.417781,-0.93397 -0.742906,-1.31775 -2.077802,0.56957 -2.671974,0.87493 -1.439951,2.16809 -0.0098,0.79202 -1.271311,0.6358 -1.591789,2.43499 -0.312884,1.42028 -0.613251,3.53952 0.313207,4.10176 0.980229,0.23468 -0.845887,1.30778 -0.821198,1.10244 -0.780033,-0.38379 -0.973302,-1.38811 -1.205526,-1.07521 -0.928915,1.26382 -1.527753,1.31264 -1.102407,2.12178 -0.921576,0.20535 -1.038764,0.49365 -1.310099,1.43235 -0.171115,0.59647 -0.403477,-0.28325 -0.748153,-0.11458 0.0079,1.0487 -0.122375,1.74999 -0.401049,2.07022 -0.01248,0.41067 0.215325,1.0074 -0.273566,1.2323 -1.630479,0.18579 -0.36464,1.27832 -1.022199,1.47389 -1.097338,0.71625 -0.466688,1.01712 -0.273576,1.72359 -0.173551,1.9654 0.726204,-0.13196 1.295775,-0.083 0.459555,0.0807 0.847813,1.1389 1.036042,-0.3156 0.06121,-1.39094 2.173474,-0.73323 3.02171,-0.413 -0.09049,2.07786 -1.843162,0.3786 -2.219611,0.84795 0.606472,1.16116 1.417433,1.94097 2.449261,2.56678 0.572017,0.54757 0.584209,1.98499 -0.141799,2.28078 -2.080258,0.84091 0.139736,0.63104 -0.261157,0.96349 -0.254231,1.17827 0.657354,2.02126 0.151348,1.86969 -0.904462,0.81404 2.136858,2.3248 1.114816,4.01154 -1.048687,-0.008 -1.640284,-0.30788 -0.894726,2.21489 1.088044,-0.25423 0.555041,0.32765 0.687044,1.4228 -0.212673,0.75293 0.571791,2.63267 -0.765346,2.38821 -0.73089,-0.44735 -1.168202,-0.31535 -1.517771,-0.18334 -0.002,4.8e-4 -0.0029,9.3e-4 -0.0039,0.002 0.128938,0.37233 -0.206021,0.86248 -0.348527,1.25712 -0.109269,0.65709 -0.670813,0.90677 -0.578659,1.43235 0.265952,0.22441 0.615393,0.41913 1.003582,0.50372 0.243228,-0.0186 0.49345,0.70323 0.258289,1.01027 -0.247629,0.5202 -0.545206,1.10175 0.08498,1.18217 0.525321,0.11563 0.821424,0.34711 1.36214,0.39771 0.420699,0.15132 0.858198,0.084 1.275723,0.24923 0.499404,0.1941 0.801333,-0.0152 1.220804,-0.21866 0.364964,-0.29335 0.747268,0.0596 1.263786,-0.27167 0.267916,-0.36278 0.615186,-0.58245 1.042733,-0.625 0.479115,-0.14421 0.951305,-0.12345 1.368811,0.21439 0.549037,0.34125 0.702998,0.64098 0.979708,1.05803 0.362272,0.36594 0.305368,0.87989 0.772016,1.33017 0.02594,0.086 0.0447,0.2118 0.06779,0.33612 0.447834,-0.15261 0.346031,-0.39356 0.590595,-0.70949 0.127612,-0.16525 0.360602,-0.25442 0.508,-0.40965 0.552456,-0.12198 2.044458,-0.11303 2.541425,0.14658 0.05973,0.0313 0.798788,0.7076 1.04178,1.0227 0.05138,0.0221 0.225592,0.0607 0.39149,0.0892 0.01464,-0.0298 0.03242,-0.0582 0.03635,-0.0888 0.0168,-0.13688 -0.07614,-0.68443 -0.127484,-0.81643 -0.07083,-0.1809 -0.242147,-0.37384 -0.3299,-0.55719 -0.110016,-0.22734 -0.100437,-0.699 -0.154217,-0.96301 -0.115144,-0.57935 -0.317835,-1.12713 -0.354264,-1.72359 -0.01709,-0.2518 0.05109,-0.85574 -0.05158,-1.05374 -0.109996,-0.21023 -0.349195,-0.27382 -0.483635,-0.46694 -0.02201,-0.0929 0.0169,-0.18092 0.05109,-0.26404 0.176244,-0.40335 0.569492,-0.24422 0.787304,-0.43734 0.229531,-0.3178 -0.107737,-0.96581 -0.176185,-1.31538 -0.02662,-0.132 -0.01926,-0.28111 -0.05109,-0.40822 -0.04912,-0.19557 -0.293716,-0.45447 -0.381479,-0.70137 -0.0562,-0.15156 -0.156938,-0.53556 -0.254476,-0.64312 -0.01199,-0.10756 0.03704,-0.30773 0.127474,-0.37862 0.239808,-0.0856 0.452393,-0.31539 0.584386,-0.52806 -0.04126,-0.14423 -0.129665,-0.66014 -0.178562,-0.7286 -0.141778,-0.21022 -0.474174,-0.21485 -0.735734,-0.64264 -0.264006,-0.43268 -0.251765,-0.77258 -0.408211,-1.19792 -0.122228,-0.33979 -0.335166,-0.62853 -0.457384,-0.96589 -0.146681,-0.40578 -0.231782,-1.1759 -0.202446,-1.60613 0.01218,-0.18823 0.16354,-0.44456 0.295544,-0.56436 0.06111,-0.0562 0.151721,-0.12968 0.237283,-0.13702 0.09559,-0.008 0.305545,0.0392 0.408212,0.0588 -0.02201,-0.14666 0.0563,-0.38388 0.10026,-0.52567 0.173571,-0.15889 0.62057,-0.53276 0.635484,-0.76009 0.0079,-0.12713 -0.03419,-0.2835 -0.05109,-0.41062 -0.07604,-0.60625 -0.2666,-1.18809 -0.227744,-1.81144 0.0223,-0.35935 0.317943,-0.79935 0.278841,-1.08047 -0.01955,-0.1589 -0.286052,-0.62342 -0.405824,-0.73098 -0.0171,-0.28112 0.05629,-0.50859 -0.05109,-0.78971 -0.146917,-0.10755 -0.234925,-0.254 -0.254476,-0.43733 0.04156,-0.0783 0.06396,-0.23725 0.02486,-0.32037 l -0.10027,-0.11746 c -0.503569,0 -0.904599,-0.003 -0.992598,-0.61352 0.07309,-0.19067 0.131866,-0.80916 -0.07594,-0.93628 l -0.02437,-0.23204 c 0.102422,-0.16623 0.224286,-0.28391 0.178081,-0.5357 -0.286004,-0.44002 -0.10473,-1.02663 -0.280738,-1.51065 -0.09284,-0.25913 -0.325105,-0.48414 -0.305554,-0.7897 0.0079,-0.0978 0.136532,-0.64006 0.17809,-0.7305 0.10976,-0.22979 0.437577,-0.44491 0.508471,-0.67225 0.06357,-0.19801 -0.05158,-0.35971 -0.05158,-0.55527 l 0.01719,-0.15375 c 0.01739,-0.14911 0.132377,-0.21522 0.188603,-0.34233 0.07575,-0.17356 0.0561,-0.37634 0.126993,-0.55479 l 0.127474,-0.11745 0.175703,0.0588 0.154216,-0.0588 c 0.166222,-0.14179 0.08292,-0.35456 0.151348,-0.52568 0.126865,-0.32023 0.391363,-0.36907 0.560031,-0.61352 l 0.02427,-0.20531 c -0.10756,-0.044 -0.217467,-0.0832 -0.32991,-0.11744 l -0.10027,-0.1175 v -0.14419 c 0.100476,-0.0659 0.315242,-0.19319 0.32991,-0.32275 l -0.05109,-0.1757 c -0.23467,-0.19312 -0.256805,-0.29079 -0.381479,-0.55481 -0.151554,-0.32267 -0.198456,-0.48669 -0.09314,-0.84604 0.02201,-0.0783 0.01945,-0.15865 0.04156,-0.23442 0.107314,-0.36912 0.538063,-0.58917 0.762958,-0.87517 0.168423,-0.21756 0.239386,-0.50146 0.312727,-0.76057 0.04893,-0.16869 0.134655,-0.23439 0.09314,-0.43974 l -0.10026,-0.14419 c -0.09805,-0.003 -0.249722,-0.032 -0.330381,-0.0883 l -0.02672,-0.1757 0.07594,-0.17617 c 0.124664,-0.0708 0.281337,-0.13453 0.357124,-0.26165 l -0.02486,-0.14658 -0.253995,-0.2349 c 0.07339,-0.59891 1.109747,-0.38827 1.346853,-0.7305 l 0.02437,-0.23252 c -0.09294,-0.198 -0.488832,-0.48173 -0.532827,-0.5844 -0.119781,-0.27379 0.04166,-0.5426 0.02486,-0.81882 -0.0029,-0.022 -0.08823,-0.30305 -0.103129,-0.34949 0.06848,-0.11735 0.134941,-0.35195 0.254467,-0.41061 0.09559,-0.30313 0.08312,-0.62317 0.254004,-0.90429 0.124675,-0.20289 0.342338,-0.28599 0.484127,-0.46933 0.193112,-0.25178 0.317914,-0.80445 0.07594,-1.05134 -0.105113,-0.10757 -0.337514,-0.15418 -0.481739,-0.17618 -0.056,-0.0342 -0.114741,-0.10015 -0.158991,-0.16616 -0.01936,-0.0318 -0.03645,-0.0661 -0.04627,-0.0955 l 0.01238,-0.0416 c -0.05865,-0.20778 -0.124262,-0.37368 -0.21007,-0.44211 z" />
    <path
       fill="#fdfcea"
       d="m 91.461144,96.825236 -0.12711,0.05867 c -0.0059,0.119786 -0.0059,0.327567 0.02692,0.437578 0.0098,0.03419 0.06592,0.08316 0.07575,0.117337 0.06111,0.19067 0.212672,1.026709 0.178208,1.197821 -0.03419,0.173567 -0.166222,0.308017 -0.178208,0.496248 -0.02692,0.447353 0.0049,0.89959 -0.05138,1.34451 -0.02938,0.24688 -0.139342,0.50356 -0.10023,0.76024 0.09048,0.61848 0.826238,0.76025 0.735792,1.49118 -0.05138,0.42045 -0.302872,0.78225 -0.457118,1.16848 0.01955,0.24446 0.158883,0.27135 0.330254,0.37891 0.124664,0.0783 0.246891,0.22245 0.356888,0.32268 0.136895,0.35935 0.0391,0.40824 -0.02692,0.73092 -0.04156,0.20779 -0.03635,0.36423 -0.151554,0.55491 -0.185783,0.30556 -0.682013,0.63558 -0.457118,1.05115 0.149117,0.12468 0.290896,0.32268 0.457118,0.40824 0.173561,0.27869 0.06111,0.6918 0.202898,0.9656 0.05865,0.11 0.139332,0.12223 0.15399,0.2909 0.163796,0.10756 0.320478,0.42045 0.27892,0.61357 -0.161329,0.12468 -0.919129,-0.11488 -0.96557,0.58425 -0.0079,0.11001 0.03665,0.2689 0.05138,0.38135 0.08312,0.0685 0.16134,0.14911 0.227341,0.23223 0.220002,0.0317 0.506006,0.0391 0.71134,0.11734 l 0.05138,0.20535 c -0.056,0.0953 -0.100231,0.23956 -0.100231,0.34957 0.112442,0.0514 0.23467,0.0879 0.354442,0.11734 v 0.20533 c -0.09049,0.19556 -0.364227,0.39847 -0.481562,0.61359 -0.02692,0.2029 0.07575,0.3838 0.05138,0.58425 -0.210236,0.3129 -0.581792,0.3349 -0.865359,0.52557 l -0.0391,0.13444 c -0.05865,-0.20778 -0.124664,-0.37401 -0.210217,-0.44245 -0.84067,0.41068 -1.603599,0.9827 -2.451599,1.21249 -0.796911,0.7798 -1.630479,0.67225 -2.434729,0.23224 -0.39601,-0.78226 -1.388706,0.21755 -2.028925,0.41311 -0.598897,0.97538 -1.256713,0.38869 -1.278464,-0.28845 -0.173562,-0.48891 -0.418017,-0.93381 -0.743122,-1.3176 -0.16134,-0.19801 -0.347123,-0.38135 -0.554903,-0.54759 -0.535342,-0.53535 -1.114934,-1.01693 -1.579136,-1.62317 -0.760246,-0.63069 -0.110006,-1.69651 -0.43292,-2.47143 -0.662463,-0.46202 -1.393363,-0.76758 -2.146261,-1.14161 -0.706466,-0.28845 -1.872488,-1.23694 -2.204932,-0.68202 -0.884911,0.52312 -1.410713,-0.18335 -2.07293,-0.71871 -0.733346,-0.32756 -0.833577,-1.29071 -1.40803,-2.01674 -0.271336,-0.64536 -0.858021,-1.12205 -1.185573,-1.68429 0.129302,-0.0122 0.254231,-0.0514 0.36911,-0.12467 1.200251,-1.89696 1.887147,-1.91409 0.633126,-2.720781 -0.08803,-1.192941 1.425135,-1.06093 0.936244,-3.429693 2.15359,-0.308018 1.960477,-0.689366 2.869822,-1.405619 0.398456,0.146673 1.085116,1.412945 1.610928,0.55002 -0.264007,-1.444718 -0.242009,-1.559618 1.258913,-1.241825 -0.08587,-1.207604 1.212462,-0.0098 1.447132,-1.368948 0.212428,0.173568 0.440004,0.342239 0.527768,0.400908 0.222448,0.149121 0.501368,0.234677 0.728463,0.374013 0.212673,0.03668 0.488901,-0.119778 0.508452,-0.349566 0.056,-0.03908 0.664899,-0.286009 0.728219,-0.298233 0.122217,-0.02448 2.268478,0.117338 2.395844,0.166223 0.410667,0.156457 1.246681,1.117161 1.666889,1.266282 0.07604,0.02689 0.972919,0.242003 1.342038,0.298233 0.457119,0.07086 0.848236,0.102666 1.302918,0.251787 0.376458,0.122226 0.779797,0.540246 1.024253,0.55002 0.320222,0.0098 0.517981,-0.315344 0.931341,-0.110002 0.119791,-0.03419 0.344686,-0.09045 0.344686,-0.09045 0.11708,0.178446 0.217556,0.364238 0.27109,0.545133 0.04421,0.156448 0.04421,0.36179 0.06848,0.525574 0.07604,0.525582 0.244456,0.919154 -0.01709,1.432504 l -0.102658,-0.02929 c -0.03645,-0.17112 -0.112452,-0.361789 -0.22735,-0.496238 z"
       id="Tubas"
       style="fill:#eea533;fill-opacity:1;stroke:#ffffff;stroke-width:0.259942;stroke-opacity:1" />
    <path
       id="Ramallah-and-al-Bireh"
       style="fill:#f9c75a;fill-opacity:1;stroke:#ffffff;stroke-width:0.259942;stroke-opacity:1"
       d="m 63.412403,125.04733 c -0.586675,0.34467 -0.899834,0.86568 -1.302937,1.49393 -0.951148,0.0953 0.19826,0.20261 0.132259,1.05087 -0.765129,0.43513 -2.011899,0.14198 -2.889471,0.25686 -0.608918,-0.69669 -0.193033,-0.76275 -0.960599,-0.8532 -1.168468,0.18334 -2.960532,0.022 -4.104547,-0.0416 -0.955795,-0.59403 -0.786959,1.04615 -1.779419,0.73813 -0.611129,0.0514 -1.711071,-0.76728 -1.449511,0.37434 0.567115,0.81158 -0.5203,1.02427 -1.146333,0.87515 -0.936234,0.11734 -1.802036,-0.1054 -2.589152,-0.59919 -0.880018,-0.26891 -1.566462,-0.81881 -2.402476,-1.16593 -0.256431,-0.0734 -1.503476,-0.12971 -1.767483,-0.13704 l -0.141798,0.0344 c 0.195568,0.49379 0.361545,0.90424 0.427792,1.04848 0.07801,0.17356 0.178257,1.94379 0.232027,2.28602 -0.200441,0.3618 0.325204,1.22695 -0.105034,1.41518 l -0.293146,0.0635 c 0.0098,0.53292 -0.0029,1.06321 -0.01238,1.59613 -0.0098,0.63069 0.117796,2.44968 -0.253996,2.88235 -0.23467,0.27135 -0.503972,0.18335 -0.777753,0.30558 -0.0391,0.0636 -0.02662,0.20066 -0.03154,0.27644 l 4.91e-4,4.9e-4 c -0.117463,0.15781 -0.342004,-0.0297 -0.464074,-0.0491 0.02417,0.28357 -0.04637,0.43251 0.09068,0.6794 0.124674,0.22247 0.293254,0.45949 0.461677,0.94107 0.222448,0.63068 0.219874,2.00439 0.718551,2.42974 0.31753,0.27378 1.879905,0.83364 1.931239,0.91431 0.266698,0.42535 0.388621,2.22973 0.796853,2.5133 -0.12492,0.23713 -0.34446,0.42272 -0.456913,0.65984 0.410423,0.36912 0.3932,1.0951 0.300309,1.59134 -0.743123,0.022 -1.491039,-0.0608 -2.224386,-0.0339 -0.667345,0.0244 -1.334719,0.3471 -1.975174,0.51087 -0.408222,0.10511 -0.826131,0.17566 -1.227013,0.3199 -0.222448,0.0807 -0.464546,0.21523 -0.586774,0.42302 -0.161585,0.27378 0.410531,2.70865 0.586774,3.03133 0.124654,0.23223 0.620354,0.8162 0.847931,0.94822 0.374002,0.21756 0.811383,0.14708 1.21986,0.12508 0.202888,-0.01 0.970591,-0.10064 1.114816,-0.1862 0.391117,0.005 0.804418,-0.0659 1.153976,-0.022 0.122218,0.0171 0.246775,0.0737 0.371439,0.0907 1.139141,0.16379 1.552246,0.008 2.302697,-0.85081 0.190666,-0.22001 0.390989,-0.42274 0.535214,-0.67942 0.08587,-0.15155 0.09048,-0.40845 0.141798,-0.58201 0.03449,-0.11 0.797079,-0.79204 0.848403,-0.85559 0.273782,0.13445 1.112379,0.54789 1.481499,0.80213 0.706211,0.48401 1.412992,1.07546 2.217223,1.39081 0.241773,0.0953 0.466943,0.0754 0.711389,0.0119 -0.513591,-0.13934 -0.841143,-0.18053 -1.273808,-0.54477 -0.01709,-0.0146 -0.03193,-0.0297 -0.04873,-0.0491 -0.0782,-0.0807 -0.134321,-0.1859 -0.178562,-0.3008 -0.0169,-0.044 -0.0338,-0.0901 -0.04873,-0.13893 -8.9e-5,-2.6e-4 8.8e-5,-7.5e-4 0,-9.4e-4 l 0.277868,-0.095 c 0.44979,-0.9607 -0.138949,-1.90898 -0.412986,-2.657 0.677376,-0.53047 0.985318,-1.76491 2.141318,-1.10244 1.391162,0.54758 2.784161,0.18817 4.221528,0.0635 0.459555,-0.005 -0.214873,0.83859 0.254467,0.60635 0.327571,-0.38378 0.872492,-0.65765 1.270948,-0.44498 1.009565,0.53536 0.757633,-0.69167 1.187871,-1.20746 0.670028,-0.37403 1.427513,-0.60654 2.253987,-0.66032 0.525321,-0.0342 1.080538,0.008 1.657192,0.13225 1.246692,-0.003 1.779676,0.90182 2.95058,-0.0931 0.750461,0.25667 0.821552,1.22701 2.160889,0.76011 0.638009,1.79673 1.933568,-0.21994 3.280489,2.09504 0.442451,1.22471 1.916552,1.74555 2.583907,1.29818 0.540234,0.91181 0.833606,0.74574 1.261388,0.58441 0.349559,-0.13201 0.786881,-0.26402 1.517782,0.18334 1.337136,0.24445 0.552662,-1.63577 0.765335,-2.38868 -0.132003,-1.09516 0.400765,-1.67656 -0.687033,-1.42233 -0.745569,-2.52276 -0.153962,-2.22223 0.894725,-2.2149 1.021797,-1.68672 -2.019287,-3.1975 -1.114826,-4.01152 0.506006,0.15155 -0.405578,-0.69191 -0.151347,-1.87018 0.400646,-0.33245 -1.819338,-0.12209 0.261157,-0.96302 0.726017,-0.29579 0.713805,-1.7332 0.141798,-2.28078 -1.031818,-0.62579 -1.843034,-1.40561 -2.44926,-2.56677 0.376449,-0.46934 2.129165,1.22944 2.21962,-0.84843 -0.847999,-0.32023 -2.96061,-0.97747 -3.021719,0.41348 -0.187984,1.4545 -0.576478,0.39579 -1.036043,0.31511 -0.569561,-0.0489 -1.469336,2.0485 -1.295775,0.083 -0.193112,-0.70647 -0.823752,-1.00688 0.273576,-1.72312 0.657805,-0.19557 -0.60828,-1.28858 1.022199,-1.47436 0.488892,-0.2249 0.261108,-0.82114 0.273566,-1.23182 -0.303108,0.34957 -0.789504,0.24434 -1.469071,-0.36191 -1.860256,-1.40072 -2.278656,0.25187 -4.669362,-1.12439 -1.537578,-0.72603 -3.152956,0.28591 -4.438759,-0.64791 l -0.139411,-0.0855 z" />
    <path
       fill="#fdfcea"
       d="m 70.971403,102.18856 c -0.884901,0.0831 -2.060943,-1.10982 -2.889382,-1.31271 -0.779788,0.64536 -0.867796,1.13426 -2.041147,1.35916 -1.317821,0.38868 -1.806723,-1.16605 -3.080304,-0.82136 -1.05577,-0.12223 -2.087597,0.21267 -3.143377,0.12955 -0.591804,-0.0587 -0.862904,-0.34467 -0.975346,-0.73825 -0.215119,-0.76269 0.176007,-1.928736 0.04883,-2.6401 -0.946019,0.662471 -1.960732,-0.581803 -2.776949,-1.29072 -0.36911,-0.865374 -2.077813,0.195558 -1.63047,-0.823815 1.804031,-0.06356 0.975356,-1.640287 0.889794,-2.576553 -0.618213,-2.451877 0.444896,-1.950741 -0.0029,-3.309905 -0.955795,-0.774922 -2.014257,0.564683 -3.028724,0.662471 -0.564924,-0.919155 0.520674,-0.264011 0.647548,-0.950928 0.440004,-1.349389 -0.728218,-2.916342 -1.547372,-3.676602 l 0.464457,-0.158896 c 0.112452,0.05137 0.20779,0.07086 0.322669,0.02448 0.215129,0.04647 0.464222,0.281131 0.464222,0.281131 0.04647,-0.0171 0.340019,-0.24446 0.405775,-0.300681 0.01464,-0.163783 1.591367,-0.999823 1.694034,-1.012046 0.04893,-0.05867 0.47667,-0.633136 0.567125,-0.750474 0.09284,-0.0046 0.276228,-0.0046 0.290886,-0.03908 0.44246,-0.132002 0.647558,-0.09534 1.002256,-0.479128 0.08557,-0.09046 0.15399,-0.198006 0.256667,-0.276234 0.0562,0.03419 0.655369,-0.432684 0.740676,-0.513359 0.03665,-0.03178 0.779551,-0.484016 0.821355,-0.493791 0.308001,-0.37891 0.231978,-1.053605 0.662453,-1.097601 0.117089,0.02689 0.339783,0.124665 0.444651,0.09046 0.33489,-0.105115 0.774904,-1.097601 1.041593,-1.388508 0.06357,-0.06846 0.381341,-0.320231 0.481572,-0.369125 0.132003,-0.0028 0.515545,-0.07825 0.566869,-0.13445 0.633371,-0.09534 0.310702,-0.325119 0.435121,-0.457128 0.217801,-0.173559 0.49623,-0.308009 0.735803,-0.454681 0.569551,0.972927 1.051368,1.640286 1.804276,2.464101 0.03173,0.03668 0.341984,0.435122 0.361535,0.447344 0.26156,0.151561 0.660016,0.220014 0.948466,0.332465 0.528012,0.205341 1.085351,0.503575 1.620693,0.669798 0.16134,0.04888 0.295779,0.02689 0.452482,0.05137 0.444651,0.07336 0.50576,0.327576 1.158437,0.300681 0.882454,-0.03419 2.388505,-0.554908 3.040946,-0.532909 0.03173,-0.02689 0.889793,-0.427795 0.953349,-0.444906 0.239317,-0.07086 0.393317,0.09777 0.483762,0.08796 0.246902,-0.02929 0.586685,-0.119787 0.831131,-0.05377 0.0953,0.02689 0.637763,0.161334 0.782234,0.234676 0.15401,0.08066 0.222212,0.217565 0.356898,0.310457 0.322433,0.2249 0.713795,0.371574 1.053579,0.581803 0.07084,0.04398 0.134449,0.110002 0.193112,0.168671 0.124664,0.01469 0.246902,0.0074 0.371556,0.02929 0.244456,0.271346 0.948712,0.334903 1.012267,0.405796 0.195558,0.215116 0.122228,0.581803 0.178198,0.860477 0.07084,0.366686 0.286014,1.310279 0.474243,1.601175 0.114889,0.176007 0.295779,0.332465 0.393553,0.515799 0.06121,0.114898 0.04402,0.237124 0.07575,0.349574 0.05374,0.188231 0.239573,0.396013 0.337347,0.576907 0.02692,0.347127 -0.283567,0.39847 -0.347122,0.68203 -0.02692,0.127123 -0.01218,0.281123 -0.03665,0.415571 -0.05374,0.290906 -0.205334,0.958265 -0.28845,1.234499 -0.03635,0.119786 -0.07084,0.195567 -0.04883,0.325128 0.06622,0.356903 0.325125,0.564683 0.413124,0.889811 0.07084,0.261563 0.112452,0.594027 0.229532,0.840927 0.0391,0.08315 0.237362,0.261562 0.450035,0.432682 -0.234671,1.359164 -1.532941,0.161335 -1.447133,1.36894 -1.501168,-0.317784 -1.522929,-0.202894 -1.258923,1.241834 -0.525556,0.862925 -1.212462,-0.403348 -1.610908,-0.55002 -0.90959,0.716243 -0.716478,1.097592 -2.869841,1.405609 0.488901,2.368761 -1.024234,2.236761 -0.936235,3.429692 1.254021,0.806701 0.567125,0.823811 -0.633116,2.720781 -0.11367,0.0734 -0.23859,0.11244 -0.368147,0.12466 z"
       id="Jenin"
       style="fill:#f9c75a;fill-opacity:1;stroke:#ffffff;stroke-width:0.259942;stroke-opacity:1" />
    <path
       fill="#fdfcea"
       d="m 63.413287,125.04773 c -0.586675,0.34468 -0.899814,0.86537 -1.302917,1.49362 -0.951148,0.0953 0.198005,0.2029 0.132003,1.05115 -0.765119,0.43513 -2.01182,0.14179 -2.889382,0.25668 -0.608683,-0.69669 -0.193112,-0.76269 -0.960688,-0.85315 -1.168468,0.18335 -2.960276,0.022 -4.104301,-0.0416 -0.955795,-0.59401 -0.787372,1.04627 -1.779586,0.73826 -0.611119,0.0514 -1.711149,-0.76759 -1.449579,0.37402 0.566879,0.81159 -0.520684,1.02426 -1.146471,0.87515 -0.936234,0.11734 -1.801594,-0.10512 -2.58872,-0.59892 -0.880018,-0.2689 -1.566914,-0.81892 -2.402928,-1.16605 -0.256667,-0.0734 -1.503368,-0.12955 -1.767365,-0.13689 l -0.141533,0.0342 c -0.327817,-0.82382 -0.736038,-1.87986 -0.89224,-2.32966 -0.06121,-0.005 -0.268899,-0.044 -0.290896,-0.0831 0.04156,-0.22978 0.215355,-0.39357 0.283557,-0.60623 0.04421,-0.13201 0.01218,-0.30558 0.07339,-0.4498 0.06386,-0.0831 0.418007,-0.42291 0.574699,-0.65269 l 0.205334,0.01 c 0.114889,-0.11245 0.960688,-0.46935 1.082906,-0.57447 0.750461,-0.33001 1.215164,-0.72359 2.324959,-0.54758 0.87489,-0.0366 0.403093,-1.06827 0.777351,-1.3176 0.532896,0.23956 1.364017,0.78714 1.547363,-0.19312 0.341975,-0.58669 1.104913,-1.30294 1.430018,-1.85053 -0.351749,-1.02426 0.408242,-1.00959 0.212673,-2.39075 0.931597,0.11244 1.295579,-1.01448 1.887147,-0.0245 1.61361,-0.24201 0.430484,0.65024 1.45961,1.16359 0.789327,0.17845 1.627787,0.008 2.097373,-0.71381 0.611118,0.24446 0.89444,0.59403 1.943126,0.1198 0.474224,-0.18824 0.708904,-0.1858 0.831121,-0.26158 0.743132,0.45712 0.510899,1.53028 -0.55001,1.62807 -1.337136,0.0831 -0.459564,1.20271 0.244446,1.47161 0.667109,0.47425 1.188029,0.8507 1.96537,1.26628 0.669791,0.45712 0.581792,0.60869 1.344475,-0.0611 0.777351,-0.38624 1.547363,-0.47425 2.464047,-0.48402 0.911545,0.16134 1.62535,0.14913 1.967816,1.01693 0.330008,0.69914 0.01218,1.40317 -0.493784,1.91652 -0.435121,0.73582 -1.293142,1.02916 -1.735838,1.7503 -0.127838,0.0511 -0.245173,0.10732 -0.352497,0.17111 z"
       id="Salfit"
       style="fill:#f9c75a;fill-opacity:1;stroke:#ffffff;stroke-width:0.259942;stroke-opacity:1" />
    <path
       fill="#fdfcea"
       d="m 57.331149,101.6141 c 0.217802,-0.62826 0.919376,-0.93382 1.491383,-0.80426 l 0.01955,-0.005 c 0.112452,0.39357 0.383542,0.67958 0.975356,0.73825 1.055779,0.0831 2.087597,-0.25179 3.143377,-0.12956 1.273581,-0.34468 1.762472,1.21005 3.080294,0.82136 1.17336,-0.22488 1.261123,-0.7138 2.041146,-1.35916 0.828685,0.2029 2.004492,1.39584 2.889393,1.31272 0.327561,0.56224 0.914001,1.03893 1.185582,1.68429 0.574453,0.72603 0.674684,1.68918 1.408031,2.01675 0.662452,0.53535 1.188018,1.24183 2.072919,0.7187 0.332209,-0.55492 1.498476,0.39357 2.204933,0.68203 0.752897,0.37402 1.483807,0.67958 2.14627,1.1416 0.322669,0.77492 -0.327572,1.84074 0.43291,2.47144 0.464212,0.60623 1.043794,1.08781 1.579136,1.62317 0.20779,0.16624 0.393328,0.34957 0.554913,0.54758 -2.077822,0.56958 -2.671837,0.87514 -1.439814,2.1683 -0.0098,0.79202 -1.271134,0.63558 -1.591603,2.43475 -0.312648,1.42029 -0.613575,3.53972 0.312884,4.10196 0.980248,0.23467 -0.845779,1.30783 -0.8211,1.10248 -0.779787,-0.38378 -0.9729,-1.3885 -1.205379,-1.07559 -0.928905,1.26382 -1.527802,1.31272 -1.102456,2.12186 -0.921822,0.20535 -1.038911,0.49381 -1.310257,1.43251 -0.170859,0.59647 -0.403093,-0.28357 -0.748005,-0.1149 0.0079,1.04871 -0.122227,1.7503 -0.400902,2.07053 -0.303108,0.34957 -0.789563,0.24446 -1.469385,-0.36179 -1.860001,-1.40072 -2.278018,0.25178 -4.668969,-1.12449 -1.537588,-0.72604 -3.153399,0.28601 -4.439192,-0.64781 l -0.139342,-0.0856 -0.119536,-0.0489 c 0.107314,-0.0636 0.224895,-0.11979 0.35177,-0.17112 0.442696,-0.72114 1.300461,-1.01449 1.735818,-1.75029 0.50578,-0.51336 0.823556,-1.21739 0.493794,-1.91652 -0.34222,-0.86782 -1.056026,-0.8556 -1.967807,-1.01693 -0.916693,0.01 -1.686705,0.0978 -2.464046,0.48401 -0.762683,0.66981 -0.674684,0.51825 -1.344475,0.0611 -0.777351,-0.41558 -1.298271,-0.79204 -1.96537,-1.26629 -0.704011,-0.26889 -1.581592,-1.38849 -0.244456,-1.47161 1.060919,-0.0978 1.293142,-1.17093 0.55002,-1.62806 0.127111,-0.0807 0.13444,-0.24446 0.163776,-0.78225 0.295779,-1.1856 0.545118,-2.67188 0.337337,-3.80126 -0.107314,-0.73825 -0.366673,-1.33228 -0.576654,-1.99963 -0.144471,-0.5867 -0.430474,-1.16361 -0.281111,-1.77964 l -0.112452,-0.0269 c -0.332445,-0.52557 -1.295579,-1.26627 -0.667345,-1.88229 0.308256,-0.48158 1.246937,-0.46936 1.012266,-1.21249 -0.188474,-0.51581 0.136896,-1.31273 0.04402,-1.61585 -0.716969,-0.11979 -1.227622,-1.0096 -1.147198,-1.65741 z"
       id="Nablus"
       style="fill:#f9c75a;fill-opacity:1;stroke:#ffffff;stroke-width:0.259942;stroke-opacity:1" />
    <path
       fill="#fdfcea"
       d="m 57.536739,168.78283 c 0.166212,1.14161 -2.021842,0.15646 -1.202697,1.86275 1.112242,0.4278 -0.574699,0.97048 1.456918,1.79918 0.943327,-1.40072 1.662252,-0.74313 2.495829,-0.81158 0.588876,-0.56469 -0.391373,-3.02391 0.696671,-2.32966 1.608482,0.50114 2.050922,2.083 1.381141,2.92637 -0.511144,0.57911 0.124664,0.55956 -0.310693,1.44204 -0.10023,0.20045 0.581783,0.23467 0.91912,0.5136 1.124719,0.8067 1.813816,1.47381 2.7965,2.25607 1.012022,0.39357 1.889348,-0.57936 2.591157,0.57935 0.618468,1.05116 1.740475,-0.4058 2.537387,1.68429 0.620904,1.35184 -0.141543,2.37855 -0.906908,3.31236 -0.698872,0.53316 -1.023997,0.7874 -0.447097,1.31541 0.308001,0.96071 0.713786,2.08765 2.0387,2.53231 0.447344,0.56713 1.012031,1.65984 1.46915,2.26119 -0.721125,0.55736 -3.2194,2.28321 -3.740084,2.74034 -0.332444,0.29335 -0.606226,0.64292 -0.924012,0.93871 -0.168659,0.15669 -0.44978,0.264 -0.645338,0.38159 -0.405795,0.23932 -0.777597,0.57202 -1.12691,0.88737 -0.222448,0.20045 -0.408231,0.44246 -0.608682,0.66247 -0.361536,0.39602 -0.941127,0.60381 -1.327361,0.97049 -0.562232,0.53779 -0.987578,1.25405 -1.769802,1.52295 -0.283567,0.0953 -1.327361,-0.0269 -1.735592,0.044 -0.151564,0.0269 -2.248937,0.70158 -2.605825,0.74559 -0.254231,0.0345 -1.437357,0.0685 -1.566924,0.11245 -0.122218,0.0442 -1.241808,0.41312 -1.67692,0.69694 -0.09756,0.0659 -0.205334,0.14667 -0.32487,0.16378 -0.220002,0.0294 -1.016904,-0.16623 -1.327606,-0.18578 -0.650231,-0.0443 -1.293132,0.005 -1.940671,-0.006 -0.464457,-0.01 -0.904471,-0.0708 -1.364036,-0.11978 -1.249128,-0.12712 -2.549845,-0.0708 -3.801183,-0.0708 -0.498676,0 -0.980484,-0.21977 -1.496029,-0.16844 -0.564914,0.0538 -2.2807,0.50357 -2.571842,0.56715 -0.212673,0.0462 -0.425346,0.0708 -0.637773,0.13445 -0.237362,0.0682 -0.466894,0.16841 -0.708903,0.22488 -0.325116,0.0757 -0.689343,0.0318 -1.021797,0.0489 -0.425336,0.0245 -1.202687,0.16109 -1.584028,0.29824 -0.457119,0.16378 -0.921576,0.26156 -1.381131,0.42046 -0.55002,0.19312 -1.107114,-0.4009 -1.522674,-0.75292 0.193112,-0.53047 -0.366673,-0.75293 -0.696681,-1.01693 -0.27892,-0.2249 -0.55001,-0.46422 -0.799594,-0.72089 -0.63068,-0.65026 -0.374003,-1.07805 -0.5769,-1.51097 -0.0953,-0.2078 -0.322679,-0.3398 -0.427792,-0.57937 -0.168669,-0.38135 0.139342,-1.33937 0.264006,-1.74541 0.151564,-0.48891 0.391127,-0.8678 0.586676,-1.32005 0.200451,-0.46201 0.403348,-1.3885 0.635572,-1.73318 0.15401,-0.23199 0.484018,-0.42047 0.669791,-0.65734 0.168669,-0.21267 0.269145,-0.47424 0.435122,-0.67957 0.132003,-0.16379 0.327561,-0.29336 0.46934,-0.44737 0.432675,-0.46691 0.877571,-1.09271 1.131802,-1.67451 0.139333,-0.3178 0.212673,-0.61847 0.381342,-0.94359 0.158893,-0.30044 0.418252,-0.64048 0.535342,-0.94115 0.03419,-0.0956 -0.02692,-0.16648 -0.01218,-0.25937 0.07575,-0.48377 0.337337,-0.95093 0.329998,-1.45939 -0.0079,-0.50114 -0.237106,-1.09761 -0.371556,-1.57184 0.356898,-0.46936 0.23467,-0.93626 0.23467,-1.50121 0,-0.23222 -0.105359,-0.96069 -0.112442,-1.0927 -0.0098,-0.20045 0.23467,-1.50096 0.27109,-1.73806 0.129557,-0.81404 0.303108,-1.61097 0.46934,-2.41986 0.07359,-0.35447 0.718679,-0.93163 0.958477,-1.21005 0.777361,-0.90449 1.491147,-1.91653 2.158246,-2.90412 0.340029,-0.50383 0.567125,-0.96559 1.002482,-1.39339 0.49624,-0.48892 1.109805,-0.72603 1.720924,-1.01205 0.124674,-0.0562 0.78468,-0.36423 0.848245,-0.39845 0.310693,-0.1809 0.623341,-0.37915 0.941373,-0.54294 0.315084,-0.16623 0.647548,-0.28846 0.955549,-0.46935 0.325115,-0.19067 0.647794,-0.37647 0.958241,-0.58425 l 0.369356,0.0757 c 2.928258,0.67493 3.092044,0.41801 2.754942,1.04162 0.09559,0.41801 1.349604,-0.5405 2.664498,1.15382 1.669581,-0.95827 1.999589,-0.39602 2.527601,0.58645 0.368393,0.27623 0.65928,-1.2323 0.617967,0.0682 z"
       id="Hebron"
       style="fill:#f2b642;fill-opacity:1;stroke:#ffffff;stroke-width:0.259942;stroke-opacity:1" />
    <path
       fill="#fdfcea"
       d="m 43.241106,112.77833 h -0.449789 l -0.322669,-0.0245 c 0.02692,-0.11 0.05403,-0.22245 0.100221,-0.32512 0.06622,-0.14667 0.674684,-0.60381 0.860712,-0.55736 0.195559,-0.12224 0.302873,-0.34712 0.462002,-0.50113 0,0 0.264006,-0.36179 0.359344,-0.52314 0.06111,-0.10022 0.09775,-0.25179 0.134449,-0.36178 0.06386,-0.0465 0.349805,-0.18824 0.349805,-0.18824 0.136896,0.0514 0.27109,0.24934 0.422654,-0.0294 0.03183,-0.16377 -0.04618,-0.76269 -0.02928,-0.86292 0.03665,-0.0391 0.210227,-0.4009 0.269135,-0.45957 -0.0098,-0.0342 -0.05865,-0.4058 -0.05865,-0.4058 -0.07575,-0.0783 0.122228,-0.64291 0.122228,-0.64291 0,0 0.430229,-0.13934 0.474243,-0.20779 0.01464,-0.0783 0.07339,-0.85803 0.07339,-0.85803 -0.08066,-0.01 -0.317787,-0.32268 -0.334891,-0.49869 0,0 -0.652687,-0.56468 -0.708913,-0.58669 -0.102667,0.0391 -0.21511,0.13445 -0.322424,0.15156 -0.0391,0.005 -0.420698,-0.13201 -0.452471,-0.16134 0,0 0.205334,-0.47913 0.173551,-0.67714 0.05138,-0.0391 0.269145,-0.48157 0.251785,-0.54269 -0.08066,-0.0978 -0.171115,-0.0636 -0.200451,-0.10267 0.04647,-0.35201 0.02692,-0.71136 0.07084,-1.06092 0.04156,-0.32758 0.212673,-0.68204 0.217811,-0.81159 l 0.06111,-1.39584 c 0.01955,-0.43025 -0.127356,-0.91182 0.129311,-1.31272 0.05629,-0.05865 0.371802,-0.156456 0.466894,-0.05374 0.03665,0.0069 0.320469,-0.08066 0.340029,-0.0953 0.01936,-0.105113 0.0169,-0.464462 0.0049,-0.528018 0,0 0.178454,-0.06107 0.217565,-0.05137 0.09775,0.03178 0.643147,0.132 0.79201,0.161335 0.03448,-0.02199 0.212672,-0.09533 0.212672,-0.09533 0.01474,-0.01469 0.04647,-0.38135 0.0953,-0.435131 -0.0389,-0.03178 -0.08557,-0.349575 -0.05138,-0.452241 0.01484,-0.05627 0.361791,-0.405796 0.361791,-0.405796 l 0.23467,-0.03419 c 0,0 0.249328,-0.708917 0.256667,-0.735812 0.04156,-0.166223 -0.315339,-0.860477 -0.378895,-0.992487 -0.03665,-0.01469 -0.347112,-0.09533 -0.491347,-0.107554 -0.02692,-0.05867 -0.151554,-0.266459 -0.07084,-0.361798 0,0 0.173571,-0.224893 0.261324,-0.290897 0.0079,-0.05377 0.04421,-0.244452 0.08803,-0.271348 -0.01955,-0.105114 0.195559,-0.320231 0.283558,-0.315343 0,0 0.05138,-0.168671 0.07339,-0.188231 0,-0.06357 0.01483,-0.356901 -0.01709,-0.39846 0.141789,-0.185782 0.247138,-0.388685 0.383778,-0.569579 0.09775,-0.127114 0.06848,-0.677134 0.151574,-0.897147 -0.102677,-0.374013 -0.515791,-0.437571 0.200441,-0.814031 l -0.02692,-0.58914 c 0.06121,-0.07576 0.166232,-0.161335 0.244455,-0.222453 -0.06111,-0.122226 0.02201,-1.087817 0.234671,-1.129375 0,0 0.105113,-0.09778 0.132003,-0.0929 0.09284,-0.08066 0.0783,-0.733363 0.0783,-0.899587 0.02662,0 0.215119,-0.273794 0.261314,-0.37891 0.141779,-0.02689 0.340029,-0.119776 0.447343,-0.222452 0.0171,-0.05626 -0.02446,-0.290897 -0.06818,-0.332455 -0.01248,-0.03419 0.163775,-0.462016 0.200195,-0.523134 0.242009,-0.09777 0.408241,-0.413123 0.679577,-0.452241 0,0 0.537788,-0.22979 0.574453,-0.376462 0.06111,-0.01469 0.212664,-0.388676 0.229778,-0.430234 l 0.146671,-0.05137 c 0.819145,0.760249 1.987377,2.327203 1.547373,3.676591 -0.12712,0.686918 -1.212482,0.03178 -0.647548,0.950929 1.014212,-0.09777 2.072683,-1.437393 3.028714,-0.662471 0.447343,1.359164 -0.616011,0.858038 0.0029,3.309916 0.08587,0.936256 0.914237,2.512985 -0.889794,2.576551 -0.447343,1.019372 1.26136,-0.04158 1.630479,0.823806 0.816463,0.708917 1.83092,1.95319 2.77694,1.29072 0.127111,0.711364 -0.263997,1.877409 -0.04883,2.640099 l -0.01955,0.005 c -0.572017,-0.12957 -1.273581,0.176 -1.491392,0.80425 -0.08037,0.64781 0.430474,1.53762 1.14647,1.6574 0.09284,0.30312 -0.232224,1.10005 -0.04401,1.61585 0.23467,0.74314 -0.70401,0.73091 -1.012267,1.21249 -0.627987,0.61602 0.334901,1.35673 0.667345,1.8823 -0.528012,0.38379 -0.958231,0.64047 -1.56936,0.95092 -0.579346,0.37403 -1.29826,0.83359 -1.931151,1.1685 -0.591558,0.10022 -1.632915,0.0245 -1.25402,0.89226 0.300672,0.198 0.660016,0.67469 0.03419,0.57691 -0.716242,-0.007 -1.280674,0.50603 -1.764928,0.96805 -0.46934,0.23711 -0.843353,1.35427 -1.359134,0.61113 -0.660006,-0.42535 -1.158682,-0.29823 -1.894485,-0.23223 -0.804231,0.17112 -1.410713,-0.0905 -2.654712,-0.0734 -0.860212,-0.0391 -1.564478,-0.12467 -2.454271,-0.066 z"
       id="Tulkarm"
       style="fill:#ffde71;fill-opacity:1;stroke:#ffffff;stroke-width:0.259942;stroke-opacity:1" />
    <path
       fill="#fdfcea"
       d="m 44.047784,122.38782 c -0.122218,0.10511 -0.968017,0.46203 -1.082906,0.57447 l -0.205334,-0.01 c 0.03635,-0.0537 0.06111,-0.10267 0.07084,-0.13934 0,-0.29579 -0.36912,-0.51825 -0.401138,-0.6747 -0.02446,-0.12223 0.0098,-0.26645 -0.0098,-0.38868 -0.06111,-0.34224 -0.347122,-0.66736 -0.341984,-1.08782 0.06848,-0.17357 0.283557,-0.27623 0.325115,-0.46446 -0.04156,-0.0734 -0.144225,-0.22491 -0.151564,-0.30069 0,-0.0953 0.412879,-0.22001 0.273782,-0.50356 -0.310683,-0.6307 -0.349804,-0.64293 -1.004672,-0.62582 -0.04618,0 -0.405795,-0.27622 -0.418017,-0.33978 -0.01218,-0.0391 0.283557,-0.4058 0.312894,-0.4987 -0.06622,-0.55002 -0.454673,-0.40823 -0.613566,-0.58912 -0.02466,-0.0563 0.03419,-0.2469 0.04618,-0.30068 -0.03419,-0.0879 -0.625787,-0.53047 -0.662452,-0.67959 -0.552457,-0.12956 -0.398456,-0.88003 -0.378896,-1.31516 0.02692,-0.59891 0.06357,-1.29561 0.779542,-1.36649 0.07084,-0.007 0.481818,0.0514 0.567125,0.0245 0.144225,-0.0465 0.149108,-0.12467 0.244445,-0.20779 0.110006,-0.0953 0.254231,-0.0489 0.364237,-0.11245 0.13444,-0.0783 0.547554,-0.34711 0.645338,-0.43023 0.02466,-0.0636 0.04431,-0.12957 0.06111,-0.19801 l 0.322679,0.0245 h 0.449779 c 0.889794,-0.0587 1.59406,0.0269 2.454271,0.0659 1.244245,-0.0171 1.850472,0.24445 2.654712,0.0734 0.735793,-0.0659 1.23447,-0.19313 1.894486,0.23223 0.515545,0.74313 0.889793,-0.37402 1.359133,-0.61114 0.484009,-0.46201 1.048687,-0.97538 1.764929,-0.96804 0.626033,0.0978 0.266689,-0.37891 -0.03419,-0.57692 -0.378895,-0.8678 0.662463,-0.79203 1.254021,-0.89226 0.633126,-0.3349 1.351814,-0.79446 1.931151,-1.16849 0.611128,-0.31045 1.041347,-0.56713 1.56936,-0.95093 l 0.112442,0.0269 c -0.149107,0.61602 0.136896,1.19294 0.281121,1.77963 0.209981,0.66736 0.46934,1.26139 0.576664,1.99964 0.208026,1.12939 -0.04156,2.61567 -0.337347,3.80127 -0.02928,0.53779 -0.03665,0.70158 -0.163776,0.78225 -0.122227,0.0757 -0.356897,0.0734 -0.83113,0.26156 -1.048687,0.47424 -1.332008,0.12467 -1.943127,-0.11977 -0.469586,0.72113 -1.308046,0.89226 -2.097373,0.71379 -1.029136,-0.51335 0.15401,-1.40559 -1.4596,-1.1636 -0.591568,-0.99003 -0.95555,0.1369 -1.887147,0.0245 0.195549,1.38117 -0.564678,1.36651 -0.212673,2.39078 -0.325125,0.54757 -1.087808,1.26382 -1.430028,1.85051 -0.183336,0.98027 -1.014457,0.43268 -1.547363,0.19312 -0.374012,0.24935 0.09756,1.28094 -0.777351,1.31762 -1.108822,-0.17601 -1.573516,0.2178 -2.323967,0.54757 z"
       id="Qalqilya"
       style="fill:#f2b642;fill-opacity:1;stroke:#ffffff;stroke-width:0.259942;stroke-opacity:1" />
    <path
       fill="#c12838"
       d="m 5.1975051,178.79814 -0.048877,1.38605 c -0.371566,0.34468 -0.8262362,0.69915 -1.1562451,1.0756 -0.085553,0.0953 -0.4008993,0.70159 -0.4571185,0.75292 -0.039082,0.0318 -1.0658049,0.60136 -1.1758039,0.66492 -0.3495589,0.19825 -0.6331221,0.55271 -0.9582345,0.80939 -0.1442299,-0.97073 -1.52781007,-1.10005 -2.29782707,-1.54276 -1.54736003,-0.35934 -1.83581093,-2.40543 -3.02139033,-3.1999 0.070865,-0.0783 0.1295588,-0.15157 0.1735641,-0.21512 0.2151124,-0.32024 1.0315741,-1.64518 1.1953539,-1.81386 0.2175607,-0.22 0.4571185,-0.4669 0.6600081,-0.69914 0.1271194,-0.14422 1.08291433,-1.93852 1.14158183,-2.11429 0.322673,0.1171 1.82603657,1.51539 2.19270597,1.82608 0.1540053,0.13201 0.3422317,0.22979 0.5011238,0.35935 0.4693422,0.38159 1.8480347,1.5254 2.0704831,1.74566 0.3055624,0.30019 0.8335722,0.66442 1.1806907,0.9651 z"
       id="North Gaza"
       style="fill:#eea533;fill-opacity:1;stroke:#ffffff;stroke-width:0.259942;stroke-opacity:1" />
    <path
       fill="#fdfcea"
       d="m -8.1616356,188.52498 c 0.4375598,0.81159 0.9020143,1.97519 1.4446961,2.66236 -0.4082353,0.40579 -0.8164617,0.81402 -1.2222487,1.22716 -0.5182353,0.53045 -1.1049126,1.00959 -1.6133636,1.54983 -0.3006747,0.31804 -0.4375597,0.72628 -0.6722312,1.0805 -0.151566,0.22514 -0.300675,0.44735 -0.447344,0.67224 l -0.07825,-0.0514 c -0.332456,0.0223 -1.816262,0.0171 -2.244046,-0.38355 -0.821349,-1.50585 -0.897127,-0.21513 -1.258909,-0.4278 -0.777343,-0.45469 -0.54512,-0.44491 -0.877568,-0.39602 -0.796903,0.11489 -1.417811,-0.0269 -1.486254,-1.11495 l -0.391115,-0.0462 c 0.212673,-0.18335 0.493789,-0.39602 0.635562,-0.5378 0.295787,-0.2958 0.579351,-0.68448 0.8898,-0.96316 0.520675,-0.46666 1.104904,-0.90424 1.652473,-1.3445 0.457119,-0.36912 0.926461,-1.21249 1.320024,-1.66473 0.119775,-0.13935 1.139134,-1.22228 1.219801,-1.28828 0.08315,-0.0639 0.176002,-0.0956 0.254229,-0.17356 0.195553,-0.1958 0.354446,-0.42071 0.513338,-0.64561 l 0.261557,0.12467 c 1.0560202,-0.26132 1.0389097,0.29091 1.9238232,0.87784 0.515786,0.34175 0.466894,0.10951 0.1760026,0.84288 z"
       id="Deir-al-Balah"
       style="fill:#eea533;fill-opacity:1;stroke:#ffffff;stroke-width:0.259942;stroke-opacity:1" />
    <path
       fill="#fdfcea"
       d="m -8.3376391,187.68186 c -0.8849038,-0.58669 -0.8677933,-1.13916 -1.9238129,-0.87783 l -0.261566,-0.12468 c 0.156452,-0.22246 0.312897,-0.44735 0.503572,-0.64047 0.3471108,-0.35445 1.5644708,-1.44717 1.7526981,-1.7234 0.2053369,-0.30558 0.4180098,-0.65025 0.6111239,-0.9656 0.2199991,-0.36155 0.4057772,-0.85803 0.7871176,-1.08049 0.01959,-0.25179 0.4351212,-0.38355 0.5842389,-0.55491 0.1271105,-0.14911 0.2860036,-0.34003 0.4057869,-0.49869 0.4277853,-0.5598 0.83846,-1.16359 1.271132,-1.7234 0.1662281,-0.21536 0.4742299,-0.50603 0.6893511,-0.74828 1.1855696,0.79449 1.4740205,2.84056 3.02139033,3.19992 0.7700071,0.4427 2.15358737,0.57202 2.29781727,1.54274 -0.056265,0.044 -0.1148966,0.0877 -0.1735642,0.12468 -0.62578597,0.39601 -1.30046517,0.71136 -1.77714337,1.27825 l -1.23446263,1.46184 c -0.4497923,0.53535 -1.0682423,0.99493 -1.5620311,1.4985 -1.1122398,1.12694 -2.2464857,2.22478 -3.3709483,3.3368 -0.5426818,-0.68716 -1.0071363,-1.85052 -1.4446961,-2.66235 0.2908904,-0.73288 0.3397835,-0.50064 -0.1760035,-0.84263 z"
       id="Gaza"
       style="fill:#eea533;fill-opacity:1;stroke:#ffffff;stroke-width:0.259942;stroke-opacity:1" />
    <path
       fill="#fdfcea"
       d="m -23.439702,199.963 c 0.56223,-0.52068 1.25403,-1.11691 1.452032,-1.30025 0.398451,-0.36669 1.134237,-1.42517 1.525362,-1.69651 0.618451,-0.42535 1.205128,-0.93871 1.676918,-1.54739 0.25667,-0.33222 0.491341,-0.75049 0.787128,-1.05117 0.278667,-0.286 0.520674,-0.5329 0.762681,-0.84825 0.04888,-0.0639 0.131998,-0.13934 0.227335,-0.22246 l 0.391116,0.0462 c 0.06846,1.08782 0.68935,1.22961 1.486253,1.11496 0.332447,-0.0489 0.100224,-0.0587 0.877568,0.39601 0.361791,0.21268 0.437569,-1.07804 1.258918,0.4278 0.427785,0.4009 1.911589,0.40579 2.244037,0.38354 l 0.07825,0.0514 c -0.149109,0.22515 -0.295787,0.45004 -0.442457,0.67958 -0.09289,0.14179 -0.58423,0.82381 -0.579342,0.94359 0.02199,0.42047 0.01219,0.88493 0.07086,1.30026 0.229784,1.65276 1.430034,4.17528 0.239558,5.64714 l -1.777135,0.77493 -0.655129,1.40806 c -0.146669,0.32268 -0.342223,0.61113 -0.476678,0.94359 -0.303113,0.10511 -0.870232,0.4669 -1.232013,0.70402 l -0.114897,-0.10756 c -0.01219,-1.39314 -0.564679,-2.60319 -1.034022,-3.86702 -0.677118,-1.19563 -1.801589,-1.52785 -2.847825,-2.03386 -1.371357,-0.59158 -2.586269,-1.42761 -3.879409,-2.10475 z"
       id="Khan-Yunis"
       style="fill:#f2b642;fill-opacity:1;stroke:#ffffff;stroke-width:0.259942;stroke-opacity:1" />
    <path
       fill="#fdfcea"
       d="m -18.242718,209.67763 c -0.06596,0.67224 -1.315128,1.53028 -1.823588,2.02408 l -0.04158,-0.27378 c -0.02929,-0.0953 -0.06357,-0.19069 -0.09045,-0.28846 -0.22,-0.75561 -0.484005,-1.50585 -0.689342,-2.26634 -0.112448,-0.42266 -0.207785,-0.84582 -0.334895,-1.26848 -0.114897,-0.38893 -0.25667,-0.77516 -0.361782,-1.1685 -0.06357,-0.23222 -0.08555,-0.48401 -0.144231,-0.71869 -0.109999,-0.44001 -0.442446,-1.63295 -0.740683,-1.95563 l -0.227335,-0.10023 c -0.38378,-0.79179 -1.544912,-2.77457 -1.576694,-2.83786 l 0.05137,-0.0294 c 0.03668,-0.11245 0.376453,-0.45224 0.78224,-0.83115 l 0.03908,0.0416 c 1.293129,0.67738 2.508041,1.51317 3.879399,2.10475 1.046244,0.50602 2.170707,0.83848 2.847835,2.03387 0.469342,1.26382 1.021798,2.47387 1.034021,3.86701 l 0.114887,0.10757 c -0.05137,0.0342 -0.09777,0.0659 -0.139333,0.0928 -0.234671,0.15156 -0.486453,0.23467 -0.723572,0.36424 -0.229784,0.12468 -0.442448,0.3129 -0.67468,0.43757 -0.158893,0.0877 -0.325112,0.15401 -0.481565,0.24935 -0.242007,0.14691 -0.435121,0.31069 -0.699126,0.41557 z"
       id="Rafah"
       style="fill:#eea533;fill-opacity:1;stroke:#ffffff;stroke-width:0.259942;stroke-opacity:1" />
    <path
       id="Bethlehem"
       style="fill:#f2b642;fill-opacity:1;stroke:#ffffff;stroke-width:0.259942;stroke-opacity:1"
       d="m 79.755166,158.32178 c -0.645987,0.0136 -1.293447,0.11838 -2.360476,0.0491 -0.824273,-0.11269 -1.26638,0.92684 -2.194302,0.76966 -1.133267,0.13885 -2.836664,-0.0571 -2.797808,0.27214 0.06818,0.58694 -0.928158,0.35222 -1.50774,0.2669 -0.871461,-0.33394 -1.071381,0.45251 -1.743609,0.46742 -0.955314,-0.55076 -0.953575,0.7735 -1.600377,0.54811 -0.740194,-0.16085 -1.49767,0.55111 -2.101214,0.67799 l -0.185253,-0.30606 c -0.01808,0.0283 -0.03458,0.0557 -0.05246,0.0835 -0.0391,0.0611 -0.07545,0.1221 -0.114584,0.17808 -0.03665,0.0589 -0.07349,0.11261 -0.107904,0.16663 -0.188229,0.29335 -0.329909,0.50323 -0.329909,0.50323 l -0.0029,-0.003 -0.916683,-1.00693 -1.10003,0.36667 -1.007394,-0.5968 -0.962986,-0.0439 -1.283367,0.27406 -0.835994,-1.51353 c -0.337346,-0.0245 -0.682052,-0.0439 -1.016943,-0.0855 -0.114889,-0.0708 -0.104926,-0.25154 -0.283125,-0.23443 -0.298225,0.0293 -0.45479,0.50581 -0.667463,0.70138 -0.09775,0.0882 -0.248984,0.049 -0.361417,0.10504 -0.249584,0.1298 -0.559717,0.74111 -0.787293,0.7262 -0.207545,-0.0783 -0.151613,-0.36437 -0.18095,-0.50371 -0.603799,-0.69399 -1.405771,1.77243 -1.479111,1.84822 -0.04618,0.0489 -0.124497,0.0903 -0.180478,0.12939 -0.318022,0.0807 -0.628273,-0.36885 -1.016943,-0.0731 -0.342476,0.26182 -0.995064,1.14666 -1.317733,1.51066 -0.127111,0.14422 -0.330195,0.20772 -0.440201,0.36906 -0.151554,0.22001 0.144039,0.40372 -0.134636,0.55528 -0.396,0.21756 -0.973106,0.36637 -1.305314,0.66461 -0.08312,0.076 -0.14171,0.18599 -0.237294,0.26641 -0.173551,0.14693 -0.35396,0.27932 -0.539989,0.40154 l 0.369061,0.0755 c 2.928494,0.67493 3.092653,0.41819 2.755306,1.0418 0.09559,0.41801 1.349496,-0.5403 2.663643,1.15304 1.669581,-0.95826 1.999549,-0.3964 2.527562,0.5863 0.368874,0.27648 0.659829,-1.23222 0.618281,0.0683 0.166222,1.1416 -2.021812,0.15671 -1.202667,1.86301 1.112242,0.42779 -0.574464,0.97009 1.457144,1.79903 0.943327,-1.40071 1.662006,-0.74321 2.495573,-0.81167 0.589122,-0.56444 -0.390734,-3.02372 0.697065,-2.32948 1.608471,0.50114 2.050293,2.08293 1.380757,2.9263 -0.511144,0.57911 0.124782,0.55943 -0.310339,1.44189 -0.10023,0.20071 0.581734,0.23483 0.919071,0.51374 1.124463,0.80645 1.813442,1.47371 2.796363,2.25596 1.012021,0.39356 1.889494,-0.57909 2.591068,0.57962 0.618458,1.05114 1.740682,-0.40612 2.537584,1.68398 0.620904,1.35181 -0.141759,2.37896 -0.907134,3.31254 -0.698863,0.53314 -1.023781,0.78735 -0.446881,1.31537 0.30801,0.96045 0.713756,2.08773 2.038661,2.53239 0.447343,0.56714 1.011972,1.65985 1.46909,2.2612 0.01218,-0.01 0.02456,-0.017 0.03439,-0.0267 0.86535,-0.67225 1.732518,-1.34443 2.603006,-2.00959 0.202887,-0.1562 1.261664,-1.09032 1.596554,-1.3932 0.182983,-0.16479 0.38367,-0.2888 0.591067,-0.39628 -0.0339,-0.23304 -0.07044,-0.46912 -0.07928,-0.60016 -0.01592,-0.23614 -0.146544,-0.49606 -0.178081,-0.73049 -0.07624,-0.57031 0.142398,-1.17041 0.02535,-1.75368 -0.03517,-0.1738 -0.127238,-0.32811 -0.178091,-0.49655 0.08754,-0.22074 0.354717,-0.5893 0.305093,-0.81835 -0.08184,-0.0907 -0.289805,-0.5001 -0.279784,-0.61352 l 0.126992,-0.0874 c 0.100968,-0.18653 -0.0079,-0.51028 0.101704,-0.76011 0.198988,-0.45713 0.705033,-0.24763 0.965856,-0.43829 0.144962,-0.10634 0.226378,-0.56502 0.406777,-0.7305 0.07339,-0.0673 0.178955,-0.0955 0.254005,-0.17522 0.08262,-0.18066 -0.0114,-0.94659 -0.07644,-1.16929 -0.05629,-0.19506 -0.286014,-0.36192 -0.35569,-0.55479 -0.118317,-0.32684 -0.356161,-1.55339 -0.356161,-1.89977 0,-0.54515 0.381469,-0.90781 0.381469,-1.461 0,-0.26988 -0.157065,-0.51103 -0.07644,-0.78971 0.11537,-0.39773 0.591598,-0.52986 0.609694,-0.99309 l 0.457384,-0.26308 0.05109,-0.17522 c -0.0673,-0.16965 -0.190793,-0.33574 -0.17809,-0.52568 0.0166,-0.25276 0.605411,-0.85777 0.737168,-1.11054 0.194832,-0.37377 0.644179,-1.29577 1.016472,-1.4906 0.246155,-0.12834 0.575357,0.0219 0.787293,-0.11698 0.364719,-0.45101 -0.252885,-0.94286 -0.279774,-1.3445 -0.02397,-0.35422 0.334792,-1.00866 0.432085,-1.37314 0.101439,-0.37915 -0.158156,-0.85664 0,-1.40323 0.122218,-0.42193 0.504807,-0.79455 0.71186,-1.16832 0.05482,-0.0988 0.0727,-0.22819 0.127003,-0.32132 0.212427,-0.36644 0.544302,-0.70346 0.787775,-1.0523 -0.02083,-0.13323 -0.0338,-0.27424 -0.02535,-0.40918 0.06288,-0.0704 0.432086,-0.23395 0.432086,-0.23395 0.02387,-0.11482 0.0614,-0.21689 0.107422,-0.31082 -0.512294,-0.41048 -1.748139,-0.28149 -2.185244,-0.12987 -0.935999,0.4845 -0.987332,-0.14423 -1.44616,-0.34615 -0.476405,-0.11468 -0.863307,-0.13945 -1.250897,-0.13129 z" />
    <text
       xml:space="preserve"
       style="font-size:6.35px;line-height:1;font-family:Georgia;-inkscape-font-specification:Georgia;font-variant-ligatures:none;stroke-width:0.264583"
       x="219.27393"
       y="125.16286"
       id="text250751"><tspan
         id="tspan250749"
         style="stroke-width:0.264583"
         x="219.27393"
         y="125.16286" /></text>
    <text
       xml:space="preserve"
       style="font-size:6.35px;line-height:1;font-family:Georgia;-inkscape-font-specification:Georgia;font-variant-ligatures:none;stroke-width:0.264583"
       x="305.91751"
       y="85.725021"
       id="text353941"><tspan
         id="tspan353939"
         style="stroke-width:0.264583"
         x="305.91751"
         y="85.725021" /></text>
    <path
       fill="#fdfcea"
       d="m 70.869957,102.45154 c -0.8849,0.0831 -2.06095,-1.10983 -2.88938,-1.31271 -0.77979,0.64535 -0.8678,1.13425 -2.04115,1.35916 -1.31782,0.38868 -1.80672,-1.16605 -3.08031,-0.82137 -1.05577,-0.12222 -2.08759,0.21268 -3.14337,0.12956 -0.59181,-0.0587 -0.86291,-0.34468 -0.97535,-0.73825 -0.21512,-0.7627 0.17601,-1.92874 0.0488,-2.640108 -0.94602,0.662471 -1.96073,-0.581804 -2.77695,-1.290716 -0.36911,-0.865369 -2.07781,0.195559 -1.63047,-0.823812 1.80403,-0.06357 0.97536,-1.640294 0.88979,-2.576558 -0.61821,-2.451873 0.4449,-1.95074 -0.003,-3.309904 -0.9558,-0.774923 -2.01426,0.564688 -3.02873,0.662472 -0.56492,-0.919158 0.52068,-0.264006 0.64755,-0.950931 0.44001,-1.349388 -0.72822,-2.916341 -1.54737,-3.676598 l 0.46446,-0.158893 c 0.11245,0.05138 0.20779,0.07084 0.32266,0.02446 0.21513,0.04647 0.46423,0.281131 0.46423,0.281131 0.0465,-0.01709 0.34002,-0.244465 0.40577,-0.300681 0.0146,-0.163786 1.59137,-0.99983 1.69404,-1.012052 0.0489,-0.05865 0.47667,-0.633136 0.56712,-0.750471 0.0928,-0.0049 0.27623,-0.0049 0.29089,-0.0391 0.44246,-0.132004 0.64756,-0.0953 1.00225,-0.479126 0.0856,-0.09048 0.15399,-0.198014 0.25667,-0.276238 0.0562,0.03419 0.65537,-0.432684 0.74068,-0.513364 0.0366,-0.03173 0.77955,-0.484008 0.82135,-0.493784 0.308,-0.378915 0.23198,-1.053608 0.66245,-1.097603 0.11709,0.02692 0.33979,0.124665 0.44465,0.09049 0.3349,-0.105112 0.77491,-1.097602 1.0416,-1.388508 0.0636,-0.06848 0.38134,-0.320234 0.48157,-0.36912 0.132,-0.0029 0.51554,-0.0783 0.56687,-0.134451 0.63337,-0.0953 0.3107,-0.325124 0.43512,-0.457127 0.2178,-0.173561 0.49623,-0.308011 0.7358,-0.454682 0.56955,0.972929 1.05137,1.640283 1.80428,2.464096 0.0317,0.03664 0.34198,0.435121 0.36153,0.447343 0.26156,0.151564 0.66002,0.220021 0.94847,0.332463 0.52801,0.205343 1.08535,0.50358 1.62069,0.669801 0.16134,0.04893 0.29578,0.02692 0.45248,0.05138 0.44466,0.07339 0.50576,0.327582 1.15844,0.300681 0.88246,-0.03419 2.38851,-0.554903 3.04095,-0.532905 0.0317,-0.02692 0.88979,-0.427802 0.95335,-0.444907 0.23931,-0.07084 0.39331,0.09775 0.48376,0.08793 0.2469,-0.02928 0.58668,-0.119792 0.83113,-0.05374 0.0953,0.02692 0.63776,0.161329 0.78223,0.234669 0.15401,0.08066 0.22222,0.217565 0.3569,0.310457 0.32243,0.224905 0.7138,0.371576 1.05358,0.581803 0.0708,0.04401 0.13445,0.110005 0.19311,0.168678 0.12467,0.01464 0.2469,0.0069 0.37156,0.02928 0.24445,0.271346 0.94871,0.334901 1.01227,0.405795 0.19555,0.215119 0.12222,0.581803 0.17819,0.860477 0.0708,0.366684 0.28602,1.310276 0.47425,1.601173 0.11489,0.176006 0.29578,0.332463 0.39355,0.5158 0.0612,0.114898 0.044,0.237126 0.0757,0.349569 0.0537,0.188239 0.23957,0.396019 0.33734,0.576909 0.0269,0.347132 -0.28356,0.398476 -0.34712,0.682033 -0.0269,0.12712 -0.0122,0.281121 -0.0366,0.41557 -0.0537,0.290906 -0.20534,0.958261 -0.28845,1.234499 -0.0363,0.119791 -0.0708,0.195569 -0.0488,0.325125 0.0662,0.356908 0.32512,0.564688 0.41312,0.889813 0.0708,0.26156 0.11245,0.594025 0.22953,0.840926 0.0391,0.08312 0.23737,0.26156 0.45004,0.432685 -0.23467,1.359163 -1.53294,0.16133 -1.44713,1.368939 -1.50117,-0.317786 -1.52293,-0.202898 -1.25893,1.241838 -0.52555,0.862923 -1.21246,-0.403349 -1.6109,-0.55002 -0.90959,0.716242 -0.71648,1.097583 -2.86985,1.405604 0.48891,2.368757 -1.02423,2.236764 -0.93623,3.429695 1.25402,0.806705 0.56712,0.823805 -0.63312,2.720775 -0.11367,0.0734 -0.23859,0.11245 -0.36814,0.12467 z"
       id="path246145-6"
       style="fill:#f2b642;fill-opacity:1;stroke:#ffffff;stroke-width:0.259942;stroke-opacity:1" />
  </g>
</svg>
