
<svg
   xmlns:dc="http://purl.org/dc/elements/1.1/"
   xmlns:cc="http://creativecommons.org/ns#"
   xmlns:rdf="http://www.w3.org/1999/02/22-rdf-syntax-ns#"
   xmlns:svg="http://www.w3.org/2000/svg"
   xmlns="http://www.w3.org/2000/svg"
   xmlns:xlink="http://www.w3.org/1999/xlink"
   xmlns:sodipodi="http://sodipodi.sourceforge.net/DTD/sodipodi-0.dtd"
   xmlns:inkscape="http://www.inkscape.org/namespaces/inkscape"
   width="387.98495mm"
   height="175.53596mm"
   viewBox="0 0 387.98496 175.53596"
   version="1.1"
   id="svg8"
   inkscape:version="0.92.4 (5da689c313, 2019-01-14)"
   sodipodi:docname="eslovenia2022.svg">
  <defs
     id="defs2">
    

  </defs>
  <sodipodi:namedview
     id="base"
     pagecolor="#ffffff"
     bordercolor="#666666"
     borderopacity="1.0"
     inkscape:pageopacity="0.0"
     inkscape:pageshadow="2"
     inkscape:zoom="0.50000001"
     inkscape:cx="959.19656"
     inkscape:cy="-34.314453"
     inkscape:document-units="mm"
     inkscape:current-layer="layer1"
     showgrid="false"
     inkscape:window-width="1920"
     inkscape:window-height="1018"
     inkscape:window-x="-8"
     inkscape:window-y="-8"
     inkscape:window-maximized="1"
     showguides="false"
     fit-margin-top="1"
     fit-margin-left="1"
     fit-margin-right="1"
     fit-margin-bottom="1"
     inkscape:lockguides="false" />
  <metadata
     id="metadata5">
    <rdf:RDF>
      <cc:Work
         rdf:about="">
        <dc:format>image/svg+xml</dc:format>
        <dc:type
           rdf:resource="http://purl.org/dc/dcmitype/StillImage" />
        <dc:title />
      </cc:Work>
    </rdf:RDF>
  </metadata>
  <g
     inkscape:label="Capa 1"
     inkscape:groupmode="layer"
     id="layer1"
     transform="translate(26.673232,-98.90152)">
    <g
       id="g1173"
       transform="matrix(0.26458333,0,0,0.26458333,66.229444,94.863853)"
       style="fill:#b3b3b3">
      <g
         id="g833"
         style="fill:#b3b3b3">
        <path
           id="Kranj"
           d="M209.486,308.174 210.524,306.784 212.192,307.206 215.003,306.987 215.863,307.306 217.977,308.778 218.698,309.885 219.95,310.645 220.281,312.352 219.885,314.728 220.49,316.008 219.146,318.631 219.532,319.463 216.142,320.432 214.702,323.012 213.984,326.969 211.159,330.616 210.198,333.219 209,334.254 206.522,334.136 203.551,333.532 201.222,333.998 200.591,335.962 199.53,336.182 199.174,335.021 198.115,334.799 196.653,336.438 192.39,336.083 191.685,337.684 190.664,338.075 190.773,339.481 188.753,338.979 187.329,340.195 186.103,340.616 187.109,342.061 185.745,343.688 184.968,345.188 183.845,345.351 182.909,347.225 183.707,347.809 184.193,350.946 183.536,351.885 181.366,353.092 181.267,354.965 182.466,356.035 182.466,357.588 183.707,358.577 186.523,361.902 187.509,362.014 186.187,366.254 186.945,367.635 186.843,369.967 186.224,371.062 187.109,372.534 186.366,373.191 186.945,374.922 187.792,375.852 188.361,377.816 189.768,380.697 187.74,381.611 185.985,380.338 185.327,380.682 185.655,382.943 184.219,383.686 183.505,382.327 182.466,381.966 181.568,385.906 181.03,387.258 177.247,385.285 176.38,383.639 174.323,384.736 175.154,386.684 173.939,387.562 173.443,388.729 174.585,390.385 178.227,391.052 177.483,392.57 178.763,395.064 178.38,395.807 176.202,394.51 175.302,394.895 175.455,397.176 176.696,398.615 175.756,401.709 176.26,402.486 175.665,405.836 176.113,408.822 175.509,410.65 171.368,412.562 171.69,413.542 173.48,414.242 174.054,415.266 175.509,415.639 176.825,418.402 175.718,420.961 178.945,423.712 181.515,424.247 182.996,425.709 184.724,426.646 186.431,426.125 188.223,426.403 188.306,427.901 189.232,430.028 191.23,431.856 191.495,433.09 193.286,435.969 194.63,436.891 196.175,438.549 196.896,438.549 199.53,439.827 200.986,441.435 202.173,443.977 202.986,443.952 206.029,442.213 205.822,444.58 207.904,444.699 210.415,446.683 215.982,450.255 215.681,452.286 217.604,453.502 218.261,453.219 221.086,453.94 222.903,454.736 226.784,456.873 227.227,457.935 226.25,459.479 227.646,460.301 229.71,463.027 231.97,465.448 233.816,463.166 236.265,464.913 238.479,464.135 239.255,462.909 240.618,463.711 242.638,465.506 254.703,468.274 254.3,463.381 253.804,460.368 251.12,456.62 249.537,455.467 248.58,455.36 247.685,454.004 248.013,448.875 246.796,444.92 249.148,442.926 250.972,442.514 250.781,441.604 251.257,437.25 253.825,435.63 253.925,433.629 252.936,430.112 253.47,428.475 252.374,428.228 251.387,429.218 250.263,428.148 249.925,426.153 251.624,424.625 251.184,422.715 255.207,423.409 257.263,422.551 257.282,421.027 258.57,419.482 258.845,417.186 260.691,417.324 260.125,415.68 261.23,412.497 260.323,411.869 260.956,410.531 263.14,409.9 262.745,408.075 263.615,406.555 265.671,406.74 265.58,404.918 268.99,405.559 270.836,404.918 271.421,404.114 270.836,402.207 271.634,401.014 274.796,399.635 274.796,397.536 276.021,397.195 277.336,395.669 278.497,395.286 279.455,393.511 279.897,390.741 280.434,389.391 282.077,388.667 282.702,386.229 281.577,383.941 281.794,381.281 281.591,380.029 282.57,376.84 283.99,374.521 286.695,373.092 287.351,370.979 288.541,370.504 291.054,370.706 293.083,370.367 294.236,370.82 294.988,370.148 295.087,368.659 295.854,368.355 296.501,366.641 298.08,366.546 299.039,365.991 300.361,366.592 303.307,366.949 304.827,367.803 307.929,368.239 310.642,369.154 312.343,368.412 314.171,368.715 316.035,370.844 318.816,371.374 320.279,370.863 320.515,369.215 321.978,367.499 321.147,365.415 321.888,364.445 319.3,362.314 319.023,359.219 319.743,358.934 319.503,356.393 320.737,356.008 321.74,354.764 323.283,353.954 325.398,353.731 326.103,352.854 326.837,350.253 328.183,349.081 329.348,350.075 330.538,349.564 330.425,348.146 331.375,347.067 332.923,346.622 333.994,347.032 333.808,349.196 335.304,349.483 336.775,347.086 336.289,345.708 336.23,343.825 339.159,343.467 340.507,343.999 343.394,341.921 346.072,341.449 348.97,339.736 346.588,337.491 346.072,335.578 344.693,333.613 344.49,330.342 343.716,329.6 346.849,330.161 349.289,328.825 352.318,329.482 352.187,330.451 355.257,330.196 360.215,328.963 361.289,327.853 363.574,326.861 361.663,325.534 360.9,323.533 363.316,323.321 366.53,324.372 367.811,323.678 368.779,324.474 372.705,324.135 373.365,325.149 375.425,326.75 375.787,329.682 376.923,329.537 380.433,332.59 379.742,334.664 380.523,336.658 382.105,336.301 382.671,337.717 384.835,337.817 386.691,336.016 388.304,335.625 389.794,333.579 394.032,331.239 397.421,328.213 397.576,330.041 400.982,331.12 402.823,331.457 404.442,331.12 405.478,333.439 408.805,331.977 408.823,331.036 411.744,330.258 413.244,328.934 413.829,327.837 415.003,327.077 415.808,324.875 417.17,325.249 418.662,324.774 418.935,323.595 421.145,322.27 420.899,323.643 422.433,324.638 423.924,323.475 425.531,323.502 428.357,325.454 428.596,326.31 429.908,326.776 432.655,325.973 433.535,326.915 435.095,327.351 436.615,327.133 438.055,323.556 439.609,324.117 440.759,323.533 442.46,324.474 444.316,324.117 446.126,324.372 447.828,325.057 448.97,328.249 451.064,327.772 451.088,329.244 451.683,329.958 454.755,330.479 455.531,330.161 455.448,327.69 456.565,326.861 459.075,327.69 461.189,326.467 463.134,327.215 464.689,326.531 466.236,326.75 467.326,325.808 468.777,326.025 468.921,324.372 470.828,325.314 474.074,325.644 475.935,326.573 481.205,326.885 483.289,325.644 484.343,324.271 488.281,324.5 490.186,323.981 491.287,322.946 493.07,322.848 495.243,322.049 497.012,323.394 500.288,322.426 500.835,321.931 500.183,320.105 506.016,317.991 503.49,317.836 501.318,317.087 501.529,316.2 499.013,311.85 497.365,312.91 496.236,310.999 493.169,310.78 492.606,308.952 491.013,307.561 489.681,307.544 487.589,306.804 485.293,305.432 483.365,303.211 478.677,303.058 474.564,301.694 471.009,301.86 467.937,300.928 463.71,302.364 459.71,302.911 459.048,303.35 457.376,303.102 455.561,301.658 454.226,301.922 452.989,303.058 449.48,300.928 447.57,300.946 444.788,299.893 443.09,300.065 436.921,299.784 435.306,297.106 434.115,295.918 435.433,294.082 435.8,292.719 437.156,290.672 437.343,288.798 436.948,287.665 434.5,288.403 431.694,288.442 430.116,289.082 427.351,288.067 428.512,283.612 428.476,280.024 427.698,277.747 427.589,276.164 426.392,274.928 422.608,274.457 421.145,272.408 419.533,271.127 418.968,269.856 417.687,269.19 416.191,266.923 417.116,265.206 416.573,264.438 416.426,260.799 416.65,259.757 416.401,252.034 409.179,254.929 403.702,253.879 402.323,254.053 400.828,256.018 393.898,250.371 393.898,248.212 391.796,246.988 391.076,245.434 391.279,242.555 390.488,240.873 389.884,238.223 386.781,234.229 386.128,230.663 384.992,229.5 383.65,228.964 380.642,225.179 380.608,223.815 376.462,224.347 374.8,225.499 372.388,228.139 371.365,229.966 368.979,228.827 367.07,229.5 366.978,227.39 363.048,225.727 360.835,226.12 358.904,225.545 357.38,225.762 355.863,225.061 355.88,223.296 354.548,221.852 353.745,221.668 352.615,220.297 352.279,218.954 352.903,217.975 354.941,217.372 353.679,216.458 352.108,214.555 350.215,215.299 346.548,215.151 344.284,215.682 343.432,215.507 339.63,216.78 337.448,217.975 333.162,217.656 331.85,218.367 329.217,218.176 328.085,218.751 325.398,218.751 322.634,220.717 320.425,221.411 317.062,221.22 314.403,221.606 312.343,218.15 310.164,217.62 306.739,215.792 304.175,216.147 302.437,216.881 300.865,218.094 298.808,217.592 297.94,218.422 294.327,220.199 292.465,220.699 289.476,219.174 287.775,216.375 285.902,215.736 284.841,217.153 282.135,217.235 278.589,215.965 277.691,216.78 274.319,218.469 273.685,219.696 271.758,220.023 268.306,219.556 266.24,218.15 266.151,216.458 262.849,213.937 260.927,211.813 261.103,209.008 258.87,205.554 259.255,205.013 257.582,202.334 255.051,200.042 251.979,198.901 250.999,199.348 250.216,198.186 248.441,196.579 246.613,196.411 243.9,195.718 240.974,195.444 239.751,194.639 234.741,192.975 231.888,192.812 229.428,194.167 228.928,195.528 227.38,195.92 226.845,197.079 225.234,197.969 223.799,197.583 221.303,197.903 218.989,195.61 216.064,194.703 215.863,192.646 214.97,192.454 211.87,190.215 209.923,190.764 207.182,188.782 204.741,186.038 203.551,185.701 201.816,184.155 198.216,183.095 197.23,183.042 195.73,180.856 192.311,179.694 189.796,180.655 187.245,180.435 186.247,179.575 185.244,179.775 183.021,178.827 182.363,180.2 180.8,180.635 179.742,180.38 178.407,180.883 176.945,182.199 175.597,182.62 172.62,182.538 170.921,181.825 169.312,181.662 168.294,180.574 166.532,181.186 166.04,182.722 164.447,183.095 164.056,184.075 162.96,184.292 162.238,185.445 160.928,186.038 159.314,185.563 155.648,186.058 153.325,184.075 151.505,183.157 151.03,180.827 148.788,181.186 147.236,182.015 143.49,180.352 141.487,180.719 138.298,180.719 134.899,178.452 133.436,177.793 131.169,178.194 132.054,182.722 131.58,185.563 130.269,185.983 127.823,187.5 127.376,188.744 128.125,190.436 127.557,195.161 128.956,195.938 129.347,197.125 127.466,198.788 125.975,201.186 124.419,202.528 124.457,204.026 125.234,204.877 125.913,207.576 124.96,209.481 124.275,211.629 124.249,213.294 122.866,214.997 121.588,215.188 121.234,216.121 121.011,217.554 120.225,218.367 120.495,219.62 119.092,222.381 120.189,224.036 122.512,222.545 123.892,222.519 125.893,221.25 127.795,221.331 129.378,220.28 131.196,220.078 134.476,216.983 137.065,216.286 138.298,215.653 138.653,216.881 140.583,217.891 141.718,220.89 144.386,222.545 147.475,222.263 148.005,223.124 150.691,223.323 151.624,224.486 154.697,226.139 154.716,227.198 156.696,227.307 157.191,228.879 159.136,228.643 160.484,229.082 161.224,230.106 160.446,231.623 160.993,233.452 160.783,234.393 161.853,236 161.445,239.044 163.075,240.422 164.183,241.897 165.171,242.144 166.595,241.366 167.849,241.952 167.995,243.313 168.023,244.364 165.017,249.565 162.009,250.701 161.414,251.78 158.927,251.396 157.409,253.276 154.749,252.639 153.113,253.25 149.923,256.651 147.209,257.563 145.93,258.788 142.148,259.346 141.039,261.001 139.277,261.219 139.121,262.582 138.298,263.743 138.343,267.891 139.103,268.754 139.723,271.016 139.486,272.749 137.198,274.951 136.088,275.288 134.647,277.418 133.194,278.248 132.677,279.464 135.042,281.333 134.304,283.915 134.744,285.141 136.24,286.795 136.561,288.567 137.605,288.457 138.8,289.119 140.024,290.708 140.618,292.974 141.754,295.079 142.767,295.797 144.386,295.769 145.663,295.243 148.005,296.575 148.708,298.101 149.923,298.624 150.492,299.758 152.008,300.249 154.156,301.999 157.058,303.322 158.368,305.215 159.65,305.872 161.414,305.542 166.595,305.954 168.216,307.206 169.284,307.262 169.913,308.422 172.29,308.458 173.243,310.303 179.267,311.743 182.503,310.444 184.327,311.915 185.828,311.631 187.77,309.885 189.493,309.903 190.773,310.543 191.952,309.775 192.933,310.223 201.434,309.557 203.58,307.344 205.07,307.088 207.274,308.833 "
           style="fill:#004b83;fill-opacity:1;stroke:#ffffff;stroke-width:1.5;stroke-linecap:round;stroke-linejoin:round;stroke-opacity:1" />
        <path
           id="Postojna"
           d="M148.005,223.124 147.475,222.263 144.386,222.545 141.718,220.89 140.583,217.891 138.653,216.881 138.298,215.653 137.065,216.286 134.476,216.983 131.196,220.078 129.378,220.28 127.795,221.331 125.893,221.25 123.892,222.519 122.512,222.545 120.189,224.036 119.092,222.381 120.495,219.62 120.225,218.367 121.011,217.554 121.234,216.121 118.881,214.739 117.327,215.069 115.392,214.511 112.102,215.051 111.991,213.141 109.66,211.989 108.169,212.94 106.671,213.032 104.861,213.918 103.243,213.184 101.965,213.471 100.804,214.712 99.735,214.875 98.565,213.854 97.694,214.695 96.753,214.495 95.281,215.096 94.385,214.849 92.595,216.066 91.761,217.813 89.641,219.301 88.453,221.22 88.243,224.812 87.795,225.963 88.133,228.387 87.175,228.44 86.316,230.217 84.194,233.151 82.311,232.821 81.332,234.43 79.887,235.582 78.674,235.364 76.679,236.468 75.852,238.268 74.167,238.632 72.31,237.327 70.501,238.907 69.001,239.575 68.931,242.372 66.505,242.282 64.305,244.309 63.081,244.94 60.092,245.359 59.496,245.022 58.007,245.799 56.399,247.848 53.794,249.29 51.563,248.26 47.392,248.26 46.791,249.008 44.706,249.355 44.013,251.969 45.686,254.739 46.232,258.315 47.687,260.78 47.294,262.391 45.93,262.747 44.286,266.284 40.111,266.084 37.826,267.975 37.011,269.42 37.011,271.905 37.826,273.596 34.123,273.488 32.924,275.98 24.423,276.666 25.027,279.74 25.738,280.872 27.76,280.131 28.245,282.372 29.379,283.55 29.223,285.525 29.577,287.665 29.77,291.174 30.604,293.113 30.411,293.864 31.07,296.958 32.037,297.178 32.889,299.155 33.291,301.221 35.136,303.522 38.511,305.488 38.289,307.088 37.311,307.957 34.925,308.678 36.535,310.727 35.987,312.542 34.087,313.923 34.57,315.342 38.179,317.114 38.444,318.249 42.375,315.926 45.612,315.385 46.25,313.841 45.062,309.72 46.499,309.868 49.031,309.464 51.681,310.663 54.038,309.967 57.615,310.371 60.995,311.438 61.883,311.987 61.522,313.266 63.161,314.426 65.426,314.426 67.192,314.821 69.247,313.57 71.425,313.129 71.464,316.145 74.412,315.587 76.258,316.229 78.674,317.716 81.509,319.914 81.389,322.426 82.731,324.036 82.469,327.837 83.893,327.554 84.695,328.688 86.333,328.431 88.967,326.108 90.274,327.28 91.708,327.014 93.939,327.235 97.194,326.861 97.742,329.1 100.21,328.02 102.952,327.6 103.662,325.792 106.442,326.64 108.472,327.853 110.411,328.579 111.719,329.702 113.877,333.969 112.97,335.578 111.569,337.717 109.696,339.602 110.29,342.444 109.961,344.081 107.282,349.226 104.953,351.629 103.729,351.298 101.077,353.954 100.119,356.111 98.565,357.523 96.541,358.439 96.36,359.333 95.071,359.491 93.05,361.043 92.695,362.989 91.534,363.622 91.534,364.581 89.441,365.615 88.662,366.592 87.294,366.409 86.17,367.471 85.152,369.85 83.975,371.675 82.971,371.404 81.891,372.23 80.308,372.299 79.816,373.092 77.036,374.499 75.693,373.922 74.678,374.363 74.35,376.74 71.827,378.577 70.329,381.417 69.001,380.915 65.637,383.318 62.358,383.083 61.317,383.547 60.219,385.989 59.764,389.309 62.924,390.525 63.763,392.91 63.345,395.906 62.304,397.357 62.065,399.08 61.227,399.993 58.993,404.254 57.238,404.254 54.241,405.727 54.66,406.575 53.442,407.415 53.884,409.261 55.831,410.678 59.26,417.627 60.94,419.784 63.017,420.168 64.659,420.082 65.821,422.333 67.248,423.277 68.539,423.348 69.001,425.871 72.292,426.494 73.28,427.004 74.505,426.592 75.302,424.682 77.337,424.525 81.655,425.387 81.863,424.564 83.812,422.221 84.524,419.141 87.147,417.35 87.02,416.574 89.561,416.098 91.051,416.958 92.695,417.186 94.24,418.619 95.702,418.184 96.917,419.059 98.116,418.564 99.495,418.184 102.119,416.602 105.045,419.537 103.846,420.961 103.967,424.525 103.16,426.811 103.398,427.37 102.292,431.407 101.763,435.055 103.144,440.167 103.107,440.796 100.83,443.157 99.495,445.498 99.526,446.547 97.905,447.68 96.7,449.434 95.922,452.944 95.108,453.329 94.543,454.717 93.729,456.7 90.84,458.254 89.679,458.53 89.498,460.123 88.855,460.5 86.58,464.351 86.636,464.874 88.662,467.534 86.737,469.143 85.958,470.685 84.931,474.18 84.155,475.942 82.877,476.913 83.299,478.167 82.731,480.657 83.033,482.001 86.857,485.219 87.978,490.612 89.413,492.357 88.928,497.45 91.499,499.36 93.706,499.989 94.505,499.771 96.28,500.905 97.621,501.19 98.508,502.405 101.909,500.74 101.909,502.102 106.086,501.683 108.354,501.273 111.888,501.646 112.767,503.547 113.89,504.845 115.271,504.735 117.449,506.254 120.392,509.27 121.588,510.946 124.457,513.375 128.424,515.917 130.655,516.801 132.922,518.934 133.7,520.639 135.556,521.891 140.674,521.564 141.664,523.968 144.486,524.936 147.536,525.217 150.691,527.155 152.308,528.812 154.093,534.077 155.672,536.543 160.573,540.494 162.815,543.864 162.96,546.344 163.408,548.025 162.22,548.971 161.917,550.237 162.657,552.863 165.966,555.577 168.718,559.762 170.116,562.606 174.413,566.846 181.003,572.002 184.193,573.127 189.021,577.231 188.847,578.243 187.298,578.995 185.208,580.985 183.352,582.202 181.597,582.868 180.144,584.452 177.747,585.713 175.665,587.186 173.214,587.823 172.822,591.282 172.082,593.409 170.419,594.003 168.773,595.098 167.337,596.854 167.457,598.284 163.634,599.833 159.441,599.889 154.515,600.247 145.417,598.754 134.778,592.393 127.861,593.729 126.598,595.298 125.537,595.458 123.709,594.186 121.416,594.681 120.996,595.69 122.643,596.854 123.534,597.961 128.636,600.064 129.733,600.975 130.239,602.295 132.238,602.905 134.174,604.934 134.626,606.625 134.158,607.167 130.802,607.28 130.032,609.69 132.537,609.662 132.721,610.362 129.771,610.436 129.14,612.429 130.391,613.546 127.861,613.737 127.613,615.065 125.591,617.165 123.135,615.19 120.016,614.504 117.593,614.504 116.671,614.422 112.549,615.868 111.928,616.891 109.779,618.436 108.409,617.165 105.82,617.083 106.141,618.993 105.961,620.264 104.807,620.93 102.777,620.565 101.845,621.432 100.173,620.729 98.326,620.867 95.16,619.43 93.05,617.66 91.708,618.607 89.176,618.655 88.307,620.93 90.399,621.651 90.19,622.979 89.02,623.004 88.035,624.142 86.99,623.639 85.152,623.924 83.178,623.616 82.075,624.077 79.477,622.346 77.036,621.57 78.174,623.477 77.421,625.886 78.105,627.733 79.424,629.149 80.931,628.179 82.137,629.096 83.745,629.682 85.712,629.504 85.831,630.993 86.818,632.356 86.042,634.211 84.257,634.293 82.913,636.241 84.221,637.65 85.319,640.354 85.292,642.844 84.415,644.723 82.933,644.899 82.933,646.086 83.656,646.971 85.922,648.542 86.394,649.304 90.96,652.064 93.616,652.402 95.583,653.316 96.864,654.422 99.221,654.368 101.004,654.946 103.639,656.304 104.705,657.155 106.808,657.348 107.958,659.567 109.571,660.209 111.005,661.588 113.182,660.864 114.402,659.516 115.629,659.123 118.278,656.771 119.679,656.431 119.869,655.581 121.27,655.06 121.571,657.292 126.478,655.746 127.376,654.057 128.918,654.604 132.394,653.399 133.554,653.911 135.08,653.892 137.558,653.196 139.121,651.426 140.382,651.012 141.185,651.983 142.265,651.711 143.281,652.456 144.521,651.346 146.55,651.762 149.923,653.141 152.008,654.789 153.205,657.292 151.954,659.156 152.128,660.121 151.505,661.524 154.394,662.612 155.169,664.274 155.109,665.96 158.781,665.518 166.378,666.854 168.68,669.614 169.696,668.855 171.937,669.495 174.861,669.551 177.747,669.969 177.813,668.2 179.568,664.661 181.157,664.415 181.03,662.914 182.426,661.616 184.429,660.849 185.244,659.676 184.99,658.848 186.697,657.85 190.098,657.569 195.974,657.646 196.767,656.609 199.971,657.074 204.274,660.711 204.894,659.594 208.761,656.975 209.394,655.746 208.862,654.504 209.423,652.981 208.882,651.323 212.611,649.825 210.501,646.415 209.423,645.143 211.24,645.008 209.423,643.163 208.058,641.215 206.441,639.999 203.615,638.838 202.986,638.973 201.87,634.552 203.214,633.3 203.935,632 205.609,630.837 206.769,630.558 209.697,632.942 211.818,633.516 214.339,633.737 213.056,631.051 213.095,630.116 214.499,628.37 217.407,628.489 222.156,632.391 223.376,634.329 227.38,638.335 229.345,638.196 231.577,640.42 232.41,640.336 236.798,644.542 238.972,644.842 242.437,645.803 246.585,645.485 250.919,646.262 253.47,647.725 255.846,648.746 258.927,648.885 261.169,646.7 262.29,646.362 265.316,646.971 268.177,647.138 271.457,648.268 272.447,649.22 273.517,649.358 276.021,650.602 279.116,651.78 278.698,646.059 280.021,642.959 281.277,641.606 282.994,641.075 283.691,639.659 284.073,637.477 286.374,636.002 288.461,635.565 290.9,635.822 292.363,638.536 294.06,640.491 296.239,644.01 297.017,645.919 298.048,646.204 300.271,643.479 301.664,642.622 302.789,643.014 303.971,642.622 305.33,645.127 310.134,647.217 313.448,645.919 314.371,650.426 315.215,651.589 316.515,652.402 316.971,650.82 319.656,648.461 320.24,647.549 321.408,647.254 322.848,645.618 324.063,644.942 328.117,645.786 333.103,643.901 335.605,641.433 336.796,641.027 337.846,641.352 339.746,638.426 339.729,637.337 341.011,636.461 342.17,636.53 344.284,635.19 344.673,634.161 348.104,634.824 349.948,634.329 350.976,634.57 352.903,631.334 355.88,630.033 357.261,629.76 361.365,626.331 363.781,623.562 365.539,623.169 367.847,622.227 369.49,619.569 370.423,617.475 371.453,616.644 370.702,613.905 370.423,610.083 371.521,608.811 371.064,604.877 372.198,603.096 370.478,602.604 369.228,600.94 367.096,600.997 365.404,601.938 363.277,601.243 362.937,602.93 360.567,601.225 359.591,601.141 355.562,602.154 353.313,601.333 351.909,601.295 351.295,598.371 354.992,599.061 356.033,594.605 355.086,593.508 354.81,592.059 353.505,589.433 352.05,589.317 350.787,588.657 348.02,588.356 347.628,587.168 345.928,585.915 346.649,584.012 348.367,583.506 348.367,580.008 350.157,575.812 349.289,573.27 350.512,570.038 351.591,569.305 351.175,566.096 350.012,564.79 347.472,564.333 346.53,563.585 343.57,563.301 340.142,559.381 338.476,556.379 334.948,550.95 334.615,548.848 336.701,547.139 337.966,547.02 337.342,545.311 331.699,540.659 323.678,531.946 323.357,531.009 320.937,531.702 318.761,529.805 317.269,522.805 310.471,523.245 307.695,522.787 299.699,513.871 300.888,512.934 294.327,504.735 296.064,504.006 298.117,502.569 298.926,501.526 299.194,499.69 298.621,498.065 299.97,496.18 301.515,492.862 301.073,491.744 301.605,489.818 303.044,488.893 303.129,487.243 303.703,486.358 303.486,485.084 305.05,484.864 304.406,483.729 303.156,483.089 302.531,481.784 300.505,480.073 299.73,480.851 298.607,480.174 297.161,480.797 296.064,479.379 294.522,481.727 292.597,480.797 292.161,479.268 292.597,477.99 292.161,476.94 288.157,477.696 287.234,477.213 285.353,477.672 284.786,476.721 286.24,475.625 284.638,473.649 283.333,472.686 280.7,472.926 279.476,472.103 277.691,469.856 276.314,470 275.58,468.254 270.446,470.44 265.19,471.291 263.974,470.685 263.105,468.967 260.927,469.692 259.585,470.854 257.446,470.685 256.366,472.35 254.703,468.274 242.638,465.506 240.618,463.711 239.255,462.909 238.479,464.135 236.265,464.913 233.816,463.166 231.97,465.448 229.71,463.027 227.646,460.301 226.25,459.479 227.227,457.935 226.784,456.873 222.903,454.736 221.086,453.94 218.261,453.219 217.604,453.502 215.681,452.286 215.982,450.255 210.415,446.683 207.904,444.699 205.822,444.58 206.029,442.213 202.986,443.952 202.173,443.977 200.986,441.435 199.53,439.827 196.896,438.549 196.175,438.549 194.63,436.891 193.286,435.969 191.495,433.09 191.23,431.856 189.232,430.028 188.306,427.901 188.223,426.403 186.431,426.125 184.724,426.646 182.996,425.709 181.515,424.247 178.945,423.712 175.718,420.961 176.825,418.402 175.509,415.639 174.054,415.266 173.48,414.242 171.69,413.542 171.368,412.562 175.509,410.65 176.113,408.822 175.665,405.836 176.26,402.486 175.756,401.709 176.696,398.615 175.455,397.176 175.302,394.895 176.202,394.51 178.38,395.807 178.763,395.064 177.483,392.57 178.227,391.052 174.585,390.385 173.443,388.729 173.939,387.562 175.154,386.684 174.323,384.736 176.38,383.639 177.247,385.285 181.03,387.258 181.568,385.906 182.466,381.966 183.505,382.327 184.219,383.686 185.655,382.943 185.327,380.682 185.985,380.338 187.74,381.611 189.768,380.697 188.361,377.816 187.792,375.852 186.945,374.922 186.366,373.191 187.109,372.534 186.224,371.062 186.843,369.967 186.945,367.635 186.187,366.254 187.509,362.014 186.523,361.902 183.707,358.577 182.466,357.588 182.466,356.035 181.267,354.965 181.366,353.092 183.536,351.885 184.193,350.946 183.707,347.809 182.909,347.225 183.845,345.351 184.968,345.188 185.745,343.688 187.109,342.061 186.103,340.616 187.329,340.195 188.753,338.979 190.773,339.481 190.664,338.075 191.685,337.684 192.39,336.083 196.653,336.438 198.115,334.799 199.174,335.021 199.53,336.182 200.591,335.962 201.222,333.998 203.551,333.532 206.522,334.136 209,334.254 210.198,333.219 211.159,330.616 213.984,326.969 214.702,323.012 216.142,320.432 219.532,319.463 219.146,318.631 220.49,316.008 219.885,314.728 220.281,312.352 219.95,310.645 218.698,309.885 217.977,308.778 215.863,307.306 215.003,306.987 212.192,307.206 210.524,306.784 209.486,308.174 207.274,308.833 205.07,307.088 203.58,307.344 201.434,309.557 192.933,310.223 191.952,309.775 190.773,310.543 189.493,309.903 187.77,309.885 185.828,311.631 184.327,311.915 182.503,310.444 179.267,311.743 173.243,310.303 172.29,308.458 169.913,308.422 169.284,307.262 168.216,307.206 166.595,305.954 161.414,305.542 159.65,305.872 158.368,305.215 157.058,303.322 154.156,301.999 152.008,300.249 150.492,299.758 149.923,298.624 148.708,298.101 148.005,296.575 145.663,295.243 144.386,295.769 142.767,295.797 141.754,295.079 140.618,292.974 140.024,290.708 138.8,289.119 137.605,288.457 136.561,288.567 136.24,286.795 134.744,285.141 134.304,283.915 135.042,281.333 132.677,279.464 133.194,278.248 134.647,277.418 136.088,275.288 137.198,274.951 139.486,272.749 139.723,271.016 139.103,268.754 138.343,267.891 138.298,263.743 139.121,262.582 139.277,261.219 141.039,261.001 142.148,259.346 145.93,258.788 147.209,257.563 149.923,256.651 153.113,253.25 154.749,252.639 157.409,253.276 158.927,251.396 161.414,251.78 162.009,250.701 165.017,249.565 168.023,244.364 167.995,243.313 167.849,241.952 166.595,241.366 165.171,242.144 164.183,241.897 163.075,240.422 161.445,239.044 161.853,236 160.783,234.393 160.993,233.452 160.446,231.623 161.224,230.106 160.484,229.082 159.136,228.643 157.191,228.879 156.696,227.307 154.716,227.198 154.697,226.139 151.624,224.486 150.691,223.323 "
           style="fill:#003a65;fill-opacity:1;stroke:#ffffff;stroke-width:1.5;stroke-linecap:round;stroke-linejoin:round;stroke-opacity:1" />
        <path
           id="Celje"
           d="M583.617,332.151 586.196,331.647 590.218,332.059 591.473,331.756 591.68,329.042 594.201,326.776 595.312,327.052 593.757,329.345 595.648,328.742 596.953,329.516 597.666,330.679 599.462,329.537 600.263,328.348 602.47,327.853 605.566,325.28 606.91,325.872 607.128,327.6 607.75,328.88 611.691,329.757 615.595,329.292 617.98,329.819 619.378,330.798 620.219,330.434 621.654,333.256 620.535,333.276 620.455,336.932 619.193,337.234 616.646,337.179 615.475,337.957 616.197,340.616 618.698,341.586 620.274,341.053 621.087,342.161 623.418,341.227 628.18,340.506 628.804,338.268 630.839,337.875 630.421,336.438 634.595,335.798 635.044,334.749 637.906,334.609 639.156,333.337 641.271,333.121 642.805,336.354 644.315,338.127 643.088,339.337 643.509,340.231 643.482,343.932 640.346,345.188 639.156,345.379 638.801,346.977 637.84,348.568 639.835,350.415 640.191,351.967 641.214,352.462 642.523,356.093 642.228,357.948 643.745,360.771 644.351,363.09 645.535,364.091 645.025,365.553 643.39,366.036 642.97,368.934 645.602,369.967 645.602,371.475 644.912,374.217 645.407,375.377 644.561,376.4 643.158,376.823 642.146,378.018 642.7,379.361 641.448,379.864 641.78,380.896 640.437,381.913 642.97,383.605 644.202,384.143 645.447,382.743 647.291,382.085 648.488,382.25 650.099,384.436 653.031,385.461 655.091,385.068 655.908,385.514 657.467,384.766 660.052,384.818 661.644,385.688 664.74,383.686 667.906,383.686 669.541,385.049 672.886,383.959 674.386,383.859 676.013,382.83 678.012,383.464 678.824,382.527 679.24,378.796 678.462,376.984 677.566,377.344 675.573,376.84 673.363,374.736 671.864,371.034 672.267,370.402 672.687,367.252 671.983,367.186 670.228,364.893 671.037,364.061 673.931,365.579 674.439,364.091 676.013,362.37 678.07,363.174 678.73,365.361 680.609,366.893 682.65,365.633 684.853,365.193 684.283,363.119 685.5,360.43 687.767,359.745 686.636,357.471 687.324,356.093 690.81,355.486 692.263,354.982 692.183,352.635 692.865,351.629 692.923,349.95 694.054,348.924 694.828,346.622 694.817,345.304 695.4,343.907 693.281,343.523 691.351,341.165 690.429,341.586 686.99,341.803 685.859,344.19 684.671,344.344 682.73,345.745 680.968,344.883 680.072,343.358 678.646,342.782 677.448,342.92 676.823,342.161 677.09,339.895 675.125,339.784 674.531,336.438 675.308,334.637 674.916,332.836 672.063,330.815 672.986,328.377 669.995,327.973 669.541,325.834 667.783,325.232 667.992,323.981 666.024,320.68 665.64,319.108 666.119,317.415 665.483,317.022 665.135,315.315 664.003,313.99 665.521,313.147 666.825,311.932 668.142,309.61 668.984,309.692 671.544,307.362 673.481,307.004 673.717,304.903 675.179,304.655 679.13,303.415 679.003,302.618 681.03,301.338 682.867,300.782 683.115,298.478 684.512,298.594 685.382,297.132 686.608,296.575 685.948,294.821 686.819,294.108 688.937,293.53 689.23,292.006 690.992,290.298 689.863,290.298 688.728,289.119 684.97,286.629 682.393,287.627 681.929,288.979 680.281,289.711 680.527,288.239 678.262,288.321 675.878,287.93 675.839,286.695 673.572,285.307 670.616,284.95 669.513,285.105 669.13,284.008 667.695,282.737 665.483,283.278 664.492,282.208 662.238,282.795 661.074,281.374 659.021,280.928 658.121,281.293 656.578,280.286 652.138,278.997 649.302,279.995 646.576,279.658 646.554,277.829 645.236,277.217 643.812,275.453 642.733,273.76 641.448,273.707 640.967,272.325 639.211,270.497 639.55,268.754 641.271,267.124 640.849,265.862 639.689,265.426 638.201,264.082 636.169,263.303 633.181,261.081 632.448,260.243 633.016,258.124 632.003,257.317 632.238,254.237 632.003,252.692 630.537,251.915 625.941,251.396 625.115,251.002 620.841,250.782 619.798,253.194 618.217,252.134 615.865,251.312 615.054,252.389 612.55,251.758 610.878,252.236 610.111,251.22 607.455,250.561 605.779,247.695 605.566,245.937 603.548,243.012 601.187,241.458 599.224,240.627 601.24,240.422 600.32,238.907 600.384,237.409 601.847,237.611 604.111,234.393 604.643,234.108 605.474,231.265 606.113,231.405 607.632,229.694 606.974,228.03 608.171,226.476 607.785,223.953 608.884,222.463 608.947,221.111 610.523,219.638 611.232,218.422 611.031,217.539 612.695,215.984 614.169,216.405 615.923,216.121 618.906,214.951 619.615,214.182 621.8,214.457 627.341,214.44 628.738,213.442 630.237,211.356 629.7,210.085 628.628,209.674 626.809,208.077 625.228,205.215 624.698,203.105 624.698,200.125 625.857,200.407 626.361,198.771 624.898,195.499 625.521,191.542 628.298,187.053 629.587,185.364 628.891,182.659 629.936,182.659 630.858,181.679 632.386,181.624 632.896,179.339 634.24,178.15 633.756,176.395 634.184,174.904 633.941,173.772 635.546,171.113 634.88,167.793 635.519,166.844 636.865,168.315 637.962,168.034 638.416,164.714 639.267,163.051 640.823,163.909 642.805,163.223 643.218,159.922 641.366,155.116 642.97,153.581 644.406,153.048 646.189,153.965 651.17,154.065 652.843,154.776 653.908,156.842 655.53,158.18 658.563,161.713 659.916,162.667 661.615,162.627 663.398,161.823 664.492,160.481 664.031,157.959 664.323,155.244 666.202,153.643 665.099,152.61 662.795,153.306 661.253,151.202 662.03,149.512 662.356,146.879 663.398,146.879 663.253,145.352 665.216,143.645 664.99,140.985 665.978,140.151 666.825,138.407 663.158,138.188 662.277,136.699 662.066,135.417 662.63,133.973 661.855,131.212 660.757,129.741 659.074,129.112 657.642,127.811 655.941,128.115 655.287,127.118 655.5,125.592 654.328,124.667 654.011,123.598 652.632,122.411 650.099,123.08 648.611,122.686 646.906,123.325 644.576,123.188 643.482,124.12 642.193,123.463 638.345,123.382 637.759,121.79 635.701,122.52 633.884,123.655 632.842,122.629 630.839,123.022 629.936,122.629 627.55,125.036 625.979,124.514 624.658,123.162 621.654,122.667 619.14,123.124 617.65,124.565 616.281,125.036 615.712,126.286 614.232,127 609.652,126.504 606.91,127.61 603.904,127.866 603.097,128.646 601.427,128.945 597.853,127.118 595.906,127.692 594.605,126.971 592.056,126.313 589.561,126.12 587.861,124.87 587.048,122.969 584.976,121.514 582.073,122.346 580.072,122.383 579.412,120.993 576.316,121.487 575.697,120.528 573.482,119.86 572.531,121.046 571.152,120.774 569.906,121.432 568.948,124.12 567.642,123.818 567.166,122.485 564.531,122.111 564.445,121.112 562.597,119.925 559.587,121.632 558.72,122.987 557.2,122.969 556.125,123.655 554.066,126.477 552.342,124.926 549.323,123.655 546.882,123.325 545.408,123.598 542.233,123.325 539.156,124.767 537.696,126.614 533.746,128.371 532.24,131.192 531.107,131.706 530.025,133.752 528.804,134.922 527.138,137.117 526.966,138.745 527.246,140.188 524.488,143.094 523.923,145.025 522.339,146.03 520.841,142.811 520.632,139.292 519.476,135.499 518.573,134.349 514.964,132.018 514.525,132.821 510.611,137.09 509.031,137.829 507.423,139.815 506.533,138.088 505.242,137.556 504.133,138.963 504.771,141.763 504.615,143.114 504.908,145.2 503.639,145.802 502.923,144.383 501.318,144.858 499.406,144.366 498.865,143.178 497.841,142.395 493.685,140.958 491.74,141.78 491.076,143.012 488.695,143.396 487.441,145.2 487.56,147.903 486.929,149.022 484.82,149.733 484.158,152.554 482.964,154.502 480.4,156.907 478.617,160.481 479.181,161.34 477.846,162.308 477.56,163.242 478.637,165.188 478.198,166.405 476.74,168.508 476.859,169.614 474.921,169.887 473.988,170.856 473.953,172.051 475.724,172.72 476.674,173.817 473.878,175.645 473.814,176.833 474.615,178.012 473.662,180.352 472.271,181.569 472.742,185.397 472.561,187.189 471.335,187.748 468.826,187.938 466.443,189.557 465.13,189.795 461.966,191.605 460.33,190.709 459.646,189.301 454.157,189.358 450.823,192.426 449.837,189.875 448.664,189 447.531,189.932 447.12,191.742 445.029,195.125 443.566,193.805 442.615,192.12 440.439,191.349 439.967,193.587 439.4,194.422 439.482,196.075 438.587,199.95 436.503,200.07 436.264,201.092 435.073,202.729 436.287,204.385 436.566,205.93 435.64,207.576 432.509,207.235 430.634,205.655 429.195,207.987 428.312,208.352 429.368,210.085 428.418,211.78 428.025,213.405 426.839,213.184 425.47,213.688 424.451,215.27 423.355,216.104 421.054,215.874 417.48,216.762 414.547,218.295 410.351,218.532 409.597,218.076 407.031,218.469 405.962,219.393 403.568,219.438 403.656,220.717 402.233,221.942 400.562,222.654 399.941,225.262 399.578,228.827 401.242,229.5 401.454,231.329 401.136,233.432 400.595,234.026 400.863,237.811 399.673,241.13 398.537,242.208 398.033,243.452 398.978,244.09 397.994,246.155 396.325,246.833 393.97,247.189 393.898,248.212 393.898,250.371 400.828,256.018 402.323,254.053 403.702,253.879 409.179,254.929 416.401,252.034 416.65,259.757 416.426,260.799 416.573,264.438 417.116,265.206 416.191,266.923 417.687,269.19 418.968,269.856 419.533,271.127 421.145,272.408 422.608,274.457 426.392,274.928 427.589,276.164 427.698,277.747 428.476,280.024 428.512,283.612 427.351,288.067 430.116,289.082 431.694,288.442 434.5,288.403 436.948,287.665 437.343,288.798 437.156,290.672 435.8,292.719 435.433,294.082 434.115,295.918 435.306,297.106 436.921,299.784 443.09,300.065 444.788,299.893 447.57,300.946 449.48,300.928 452.989,303.058 454.226,301.922 455.561,301.658 457.376,303.102 459.048,303.35 459.71,302.911 463.71,302.364 467.937,300.928 471.009,301.86 474.564,301.694 478.677,303.058 483.365,303.211 485.293,305.432 487.589,306.804 489.681,307.544 491.013,307.561 492.606,308.952 493.169,310.78 496.236,310.999 497.365,312.91 499.013,311.85 501.529,316.2 501.318,317.087 503.49,317.836 506.016,317.991 500.183,320.105 500.835,321.931 500.288,322.426 500.515,326.557 502.32,326.861 504.234,327.993 505.339,330.734 507.177,332.168 508.439,331.674 511.599,331.897 518.943,328.514 520.575,328.514 521.71,327.334 523.16,326.997 524.095,327.993 525.386,328.348 527.246,328.047 529.937,326.997 530.184,327.737 530.5,327.334 532.558,328.295 532.328,329.757 533.746,330.698 534.472,329.682 536.791,329.042 537.722,329.819 541.007,328.796 542.258,329.839 544.787,331.098 546.904,331.374 548.226,332.25 550.246,332.37 552.246,333.256 555.888,331.977 559.38,329.901 562.085,331.391 561.869,333.121 563.438,333.969 565.125,333.943 569.398,332.498 571.33,332.525 574.234,332.059 575.573,330.178 576.856,330.798 579.031,328.77 580.162,330.979 579.269,331.813 580.757,333.157 583.236,333.028 "
           style="opacity:1;vector-effect:none;fill:#004b83;fill-opacity:1;stroke:#ffffff;stroke-width:1.5;stroke-linecap:round;stroke-linejoin:round;stroke-miterlimit:4;stroke-dasharray:none;stroke-dashoffset:0;stroke-opacity:1" />
        <path
           id="Novo-Mesto"
           d="M479.806,481.701 480.523,484.692 482.763,484.911 481.777,487.092 481.886,488.705 482.852,489.698 484.307,489.314 484.158,495.54 484.495,496.93 484.005,498.428 483.74,501.774 484.495,503.592 482.243,506.784 479.201,506.946 476.766,506.809 473.878,504.882 471.755,504.323 470.211,505.733 469.853,504.956 467.576,505.339 466.865,506.308 467.448,507.451 466.775,509.656 465.823,510.127 465.906,513.567 466.205,515.136 468.826,522.411 473.878,524.196 474.298,524.497 475.859,523.283 476.054,522.151 477.186,520.456 478.22,521.28 477.597,523.53 479.471,524.596 480.643,523.446 482.404,524.159 484.781,523.189 486.991,524.196 488.941,526.26 488.482,527.065 488.482,529.012 490.128,529.844 492.392,528.648 493.228,529.723 495.49,530.356 496.501,528.577 498.446,526.215 499.49,526.014 499.577,524.334 498.475,521.754 499.577,520.418 500.531,520.456 501.871,517.661 504.216,518.098 505.312,517 505.193,515.778 507.752,515.996 511.355,518.157 513.759,519.014 516.277,519.452 518.466,519.216 522.117,519.926 521.71,521.918 522.385,523.918 521.391,526.327 523.299,526.881 523.228,527.878 522.066,529.723 521.442,529.424 520.421,530.917 521.526,532.663 520.744,534.297 518.573,533.766 517.916,535.512 518.363,538.53 517.175,539.106 517.781,545.885 517.703,547.356 520.365,548.354 521.351,549.161 521.318,550.319 522.503,550.254 522.605,551.946 525.113,554.909 528.896,557.377 529.554,558.428 531.464,559.34 532.541,559.399 532.187,568.5 534.199,576.095 537.196,578.553 538.91,580.267 541.591,585.447 541.181,586.774 542.563,587.805 543.125,589.133 545.503,590.565 548.49,591.588 547.816,592.812 550.402,594.086 550.641,596.76 549.024,598.562 550.281,599.432 552.306,602.192 551.062,603.601 550.197,605.756 550.42,607.036 550.402,610.86 551.918,611.817 553.616,611.377 556.369,612.231 558.146,613.481 557.678,616.106 556.902,617.967 555.359,617.797 554.103,615.611 553.198,615.549 552.687,617.698 550.281,618.131 549.679,619.762 548.521,619.688 547.98,618.747 546.858,619.659 547.396,621.532 545.695,624.614 546.261,625.666 546.158,627.936 545.448,628.763 546.787,630.558 549.06,631.368 551.646,630.538 555.291,628.411 556.781,626.717 557.823,626.771 560.724,625.803 563.137,628.735 563.993,628.905 563.365,632.135 561.965,633.5 559.406,633.435 558.281,632.876 555.521,634.077 553.463,635.741 553.198,635.106 550.453,637.98 548.556,638.582 547.896,640.635 548.371,641.77 546.698,642.743 547.41,644.485 551.233,644.924 553.028,647.055 555.408,646.819 555.859,647.768 555.147,649.68 555.198,653.116 556.33,654.552 558.063,655.446 560.603,655.692 561.765,656.241 563.91,659.202 568.238,663.297 571.134,663.774 572.494,664.305 572.916,665.684 574.461,668.004 574.741,669.614 577.066,672.137 581.323,674.174 582.88,673.6 584.058,674.122 585.536,673.928 588.335,671.442 588.281,668.717 589.507,667.73 590.355,668.042 592.303,671.917 594.835,672.696 598.144,672.557 600.091,671.78 600.65,670.137 600.65,667.73 602.046,665.618 603.125,663.434 605.474,660.153 607.605,658.625 610.31,657.493 612.67,656.086 614.644,654.385 616.281,654.469 618.449,655.665 620.781,656.5 622.339,657.409 629.25,658.764 631.142,660.006 632.537,660.153 634.654,658.663 636.226,658.262 637.429,658.625 638.263,657.127 639.066,654.552 640.613,652.896 640.765,651.571 642.08,649.239 643.929,648.327 647.531,645.862 649.99,645.163 649.99,643.799 645.978,641.606 645.656,640.336 644.67,640.283 643.39,641.489 642.669,641.25 641.306,639.424 639.987,638.335 633.884,634.824 632.2,633.178 631.576,630.812 630.931,629.815 628.005,629.047 627.375,627.711 627.586,625.271 627.175,624.614 624.898,624.614 623.766,623.264 623.355,621.956 623.496,619.907 622.784,618.407 622.863,613.18 622.521,610.967 622.932,604.342 622.541,601.057 620.669,598.701 619.479,597.817 617.568,595.657 615.796,592.835 615.776,592.274 617.934,590.293 620.746,588.709 624.277,588.74 625.521,587.586 624.818,585.713 623.766,584.641 623.371,581.151 625.406,579.688 631.224,578.602 635.638,579.432 637.867,578.586 639.396,576.911 638.648,575.979 636.527,575.638 636.025,574.899 636.824,573.629 639.156,573.346 643.005,574.489 645,573.68 645.483,575.127 646.636,575.838 648.453,575.895 650.812,577.383 651.772,577.231 654.095,575.367 655.136,573.381 656.367,572.794 656.215,571.682 654.212,571.461 652.843,570.19 652.511,566.754 651.494,566.125 651.003,564.114 649.269,562.167 649.388,561.178 646.972,559.899 646.487,558.098 644.351,555.997 644.783,553.912 642.908,554.699 642.466,559.174 639.927,559.833 640.291,561.315 638.948,562.557 638.076,562.499 638.437,560.458 638.525,556.875 640.408,555.696 641.152,556.214 643.088,552.624 643.125,550.676 642.193,549.816 640.765,549.879 641.59,545.977 641.031,543.485 639.656,543.019 637.666,543.293 635.28,542.987 633.638,546.225 633.902,547.155 633.016,548.667 631.637,549.938 630.076,550.491 628.564,551.847 629.25,554.668 630.537,557.989 631.105,560.473 630.027,561.28 628.593,561.002 628.365,559.315 626.298,556.635 626.215,555.711 624.632,554.585 625.58,553.95 625.701,550.354 624.658,550.797 623.615,550.174 622.541,550.731 623.298,552.723 622.24,553.856 619.119,552.947 618.781,551.176 619.41,549.245 619.031,547.273 617.596,545.006 616.906,544.724 614.523,546.781 613.334,546.363 612.409,542.877 610.91,540.93 609.515,541.154 610.464,537.926 615.828,531.883 616.197,530.217 617.798,529.982 618.217,529.17 619.559,528.948 621.087,527.952 621.351,526.399 622.521,525.111 624.927,524.836 626.449,524.021 627.816,522.727 630.22,522.586 632.657,521.417 635.484,519.133 638.471,517.538 639.46,516.694 641.448,516.471 641.847,515.219 644.224,515.448 645.145,514.809 646.105,513.253 648.287,514.002 649.433,512.993 649.798,511.734 651.494,509.856 652.632,509.514 653.892,508.226 655.474,507.887 656.506,508.553 657.734,506.891 659.679,507.01 660.775,506.308 664.569,506.665 665.841,507.287 666.443,506.645 672.587,506.864 673.544,507.451 675.72,506.731 677.75,505.394 676.503,503.645 675.878,501.241 676.104,499.619 675.218,498.481 674.56,496.321 676.104,496.727 677.486,496.461 678.578,495.442 678.16,494.272 678.609,492.208 680.903,491.446 682.906,490.118 683.775,491.227 686.103,491.645 685.592,494.526 687.41,494.545 688.517,495.084 689.615,494.071 691.615,495.084 692.183,494.071 693.937,493.713 695.609,491.645 696.515,491.2 696.268,490.01 697.453,487.99 696.99,485.497 697.221,482.999 698.628,483.532 700.711,483.641 701.9,486.792 704.084,488.562 704.795,484.752 707.115,482.221 707.628,480.631 711.031,483.254 713.865,483.502 714.339,484.117 719.281,486.024 720.822,488.562 723.791,489.381 726.961,490.612 727.281,493 728.15,493.192 729.613,495.018 731.517,492.862 732.406,490.337 735.693,487.406 736.878,485.579 739.605,485.825 743.005,484.727 744.64,485.084 745.865,484.621 745.903,482.678 747.326,482.001 747.767,483.239 748.884,483.876 750.646,483.118 749.988,481.848 745.692,476.913 743.005,475.942 740.556,473.211 741.48,473.172 741.48,471.749 742.228,470.915 742.198,468.885 741.724,467.768 743.005,467.395 744.256,468.19 743.902,466.006 742.384,464.297 742.402,461.188 741.117,457.206 742.58,456.428 744.76,454.333 745.484,452.827 747.027,452.586 747.408,450.321 749.657,449.399 749.421,445.631 750.578,444.295 749.988,443.843 749.798,441.875 751.057,441.512 749.988,439.882 749.925,438.194 750.346,435.413 750.361,431.163 749.722,428.913 749.116,422.993 748.489,420.26 747.447,419.784 748.398,418.564 747.685,417.589 749.021,416.911 747.802,415.318 748.808,414.801 749.617,412.754 750.698,412.7 751.137,411.034 750.241,408.381 748.964,407.389 750.519,405.861 751.946,405.503 750.968,404.15 751.74,402.15 753.271,402.049 752.189,399.956 751.982,398.631 752.701,397.455 754.326,397.061 754.513,395.489 756.128,395.924 757.054,394.611 756.222,393.266 754.603,392.104 754.466,391.302 753.087,389.924 751.83,392.35 748.541,391.193 746.761,391.768 746.541,392.434 743.864,394.755 742.648,394.535 739.99,393.159 736.021,394.219 734.078,397.552 733.424,399.407 733.615,400.734 730.078,401.209 727.175,403.418 726.214,404.865 724.714,405.503 723.554,407.773 720.273,408.876 718.49,410.516 717.146,412.678 715.984,413.393 713.693,413.491 713.298,414.2 710.884,414.883 708.198,416.355 706.742,415.54 707.74,413.542 710.107,411.869 712.731,408.822 712.108,407.352 713.24,404.95 714.322,403.777 712.887,402.461 712.128,403.254 708.531,403.871 706.798,403.038 704.769,404.975 703.636,405.25 702.408,404.458 700.301,405.999 699.011,405.797 699.278,404.67 698.599,400.955 697.613,399.407 698.234,397.754 697.992,395.624 697.291,393.293 695.369,392.764 694.177,392.965 693.615,390.204 691.945,389.225 691.787,387.204 689.294,385.927 687.823,385.826 686.423,388.096 685.226,388.803 683.743,387.176 682.312,386.364 680.108,384.499 678.012,383.464 676.013,382.83 674.386,383.859 672.886,383.959 669.541,385.049 667.906,383.686 664.74,383.686 661.644,385.688 660.052,384.818 657.467,384.766 655.908,385.514 655.091,385.068 653.031,385.461 650.099,384.436 648.488,382.25 647.291,382.085 645.447,382.743 644.202,384.143 642.97,383.605 640.437,381.913 641.78,380.896 641.448,379.864 642.7,379.361 642.146,378.018 643.158,376.823 644.561,376.4 645.407,375.377 644.912,374.217 645.602,371.475 645.602,369.967 642.97,368.934 643.39,366.036 645.025,365.553 645.535,364.091 644.351,363.09 643.745,360.771 642.228,357.948 642.523,356.093 641.214,352.462 640.191,351.967 639.835,350.415 637.84,348.568 638.801,346.977 639.156,345.379 640.346,345.188 643.482,343.932 643.509,340.231 643.088,339.337 644.315,338.127 642.805,336.354 641.271,333.121 639.156,333.337 637.906,334.609 635.044,334.749 634.595,335.798 630.421,336.438 630.839,337.875 628.804,338.268 628.18,340.506 623.418,341.227 621.087,342.161 620.274,341.053 618.698,341.586 616.197,340.616 615.475,337.957 616.646,337.179 619.193,337.234 620.455,336.932 620.535,333.276 621.654,333.256 620.219,330.434 619.378,330.798 617.98,329.819 615.595,329.292 611.691,329.757 607.75,328.88 607.128,327.6 606.91,325.872 605.566,325.28 602.47,327.853 600.263,328.348 599.462,329.537 597.666,330.679 596.953,329.516 595.648,328.742 593.757,329.345 595.312,327.052 594.201,326.776 591.68,329.042 591.473,331.756 590.218,332.059 586.196,331.647 583.617,332.151 583.236,333.028 580.757,333.157 579.269,331.813 580.162,330.979 579.031,328.77 576.856,330.798 575.573,330.178 574.234,332.059 571.33,332.525 569.398,332.498 565.125,333.943 563.438,333.969 561.869,333.121 562.085,331.391 559.38,329.901 555.888,331.977 552.246,333.256 550.246,332.37 548.226,332.25 546.904,331.374 544.787,331.098 542.258,329.839 541.007,328.796 537.722,329.819 536.791,329.042 534.472,329.682 533.746,330.698 532.328,329.757 532.558,328.295 530.5,327.334 530.184,327.737 529.937,326.997 527.246,328.047 525.386,328.348 524.095,327.993 523.16,326.997 521.71,327.334 520.575,328.514 518.943,328.514 511.599,331.897 508.439,331.674 507.177,332.168 505.339,330.734 504.234,327.993 502.32,326.861 500.515,326.557 500.288,322.426 497.012,323.394 497.705,324.117 498.475,327.517 497.914,328.431 497.933,330.396 498.392,331.239 496.781,332.782 496.178,333.998 494.507,334.116 494.895,336.237 493.767,337.213 490.779,335.899 488.578,335.761 486.991,336.823 485.486,337.023 485.076,338.202 483.384,338.843 479.984,339.454 477.425,339.225 473.878,339.481 471.967,338.704 470.119,338.896 471.698,341.007 473.573,340.917 475.08,342.462 474.342,343.467 475.962,346.292 478.281,348.761 479.806,349.881 478.49,352.737 477.962,354.824 476.94,354.49 478.137,358.52 479.892,358.777 480.74,358.001 482.554,357.605 482.852,358.341 485.769,357.334 488.663,358.027 490.283,357.756 493.169,357.891 494.367,357.454 495.611,358.777 495.67,359.745 494.895,360.893 495.31,364.4 493.91,365.915 494.307,368.219 495.351,368.659 495.851,370.761 495.467,372.534 496.948,374.104 498.115,374.773 499.906,373.775 501.529,373.611 503.191,374.146 506.251,373.943 508.367,374.438 511.865,373.968 513.777,373.109 515.149,371.959 517.137,368.239 518.348,367.551 520.662,365.534 522.962,365.111 524.425,364.171 525.41,362.954 526.985,363.622 528.127,365.713 527.97,366.311 527.58,367.252 529.156,369.764 529.937,371.596 528.865,375.299 525.135,376.518 524.343,377.104 525.796,378.577 525.738,380.029 526.662,382.811 526.363,385.77 528.865,387.121 529.105,388.311 526.363,388.448 524.698,389.73 524.861,390.859 527.322,392.072 528.563,391.831 530.125,392.605 533.746,392.991 534.654,392.489 536.437,390.506 540.74,388.311 542.615,388.611 544.525,387.451 549.655,386.046 549.296,388.096 549.799,390.878 551.178,392.27 551.025,394.59 552.963,396.583 555.055,397.223 556.281,397.114 556.601,399.436 556.33,400.734 557.05,402.598 558.545,404.335 559.024,405.92 561.496,409.204 561.802,411.346 562.9,412.779 561.591,413.081 557.733,412.898 558.628,411.282 555.767,410.215 553.675,412.04 552.843,413.219 552.275,415.861 551.447,416.711 549.589,416.381 548.795,415.639 547.514,415.715 546.015,414.665 545.861,413.475 543.992,413.256 540.677,413.491 539.095,413.174 536.774,413.275 535.697,414.492 535.605,415.68 536.738,416.271 538.136,418.823 538.326,420.723 539.308,421.529 538.287,422.442 537.933,424.543 535.697,426.073 534.234,426.508 533.16,427.45 534.26,429.708 533.636,430.752 532.295,431.575 530.009,430.721 529.488,431.902 527.703,431.627 527.232,430.942 525.41,430.084 524.361,428.833 522.117,429.305 520.22,428.803 519.121,429.077 517.677,426.403 513.476,425.024 511.839,425.321 509.935,426.849 509.48,428.366 510.103,430.084 509.215,431.682 508.289,431.006 505.212,431.884 503.298,433.375 502.177,435.887 500.806,436.309 500.656,439.15 499.634,439.854 497.671,439.882 496.864,438.549 494.742,439.882 492.305,439.516 492.068,442.751 493.044,443.729 492.185,444.721 491.908,446.026 490.605,447.188 490.241,448.239 491.263,449.544 490.484,451.456 490.448,452.69 491.437,454.597 491.976,456.564 489.737,459.479 489.681,461.471 487.823,462.661 486.849,465.229 485.031,466.426 487.186,468.393 488.521,470.685 488.242,471.983 489.788,472.731 489.919,473.512 490.067,474.504 491.884,475.557 491.947,477.714 491.287,478.299 491.171,480.257 487.651,479.854 485.265,480.012 483.842,479.295 481.628,479.655 481.242,479.052 479.682,479.822 "
           style="opacity:1;vector-effect:none;fill:#004b83;fill-opacity:1;stroke:#ffffff;stroke-width:1.5;stroke-linecap:round;stroke-linejoin:round;stroke-miterlimit:4;stroke-dasharray:none;stroke-dashoffset:0;stroke-opacity:1" />
        <path
           id="Maribor"
           d="M777.683,305.488 776.455,303.168 776.365,301.778 775.216,300.644 774.453,298.038 771.869,298.679 770.227,299.758 767.546,300.287 764.83,299.236 763.516,297.05 762.563,296.193 760.929,296.274 758.425,296.987 757.466,295.663 757.346,294.411 755.765,294.215 754.429,293.415 752.044,293.588 750.191,294.547 746.313,294.327 743.8,295.598 742.91,294.053 744.455,291.45 740.32,292.225 737.841,291.367 738.68,291.311 741.037,289.62 742.255,289.119 743.635,286.933 745.273,283.139 746.842,281.786 748.24,278.268 747.923,276.532 748.166,274.538 749.265,274.02 748.791,271.401 749.32,270.333 748.884,267.638 749.448,265.27 748.24,264.52 749.301,263.321 750.875,263.405 750.875,261.557 749.301,260.225 748.24,257.874 745.742,257.958 744.64,258.954 743.444,258.651 742.137,259.757 740.611,260.444 736.323,258.926 735.755,256.823 735.335,253.083 735.811,249.934 737.335,249.073 734.861,246.887 736.378,244.528 735.736,243.614 736.523,242.894 738.179,245.077 739.961,242.117 740.82,239.767 736.916,237.965 736.466,236.989 738.615,235.725 739.244,236.834 740.966,237.307 741.462,236.724 741.267,234.804 735.032,234.885 734.716,234.063 739.13,231.889 739.515,231.487 742.281,229.858 744.785,228.745 750.49,225.225 754.009,222.247 756.787,219.666 762.091,221.22 766.328,222.629 767.375,220.516 769.182,218.971 769.995,217.674 772.941,219.221 774.439,220.555 775.361,220.663 777.181,219.483 775.451,218.532 773.99,216.375 775.517,214.695 774.439,213.294 775.254,211.915 777.299,211.887 779.185,211.356 781.185,209.569 778.615,208.706 776.643,206.907 776.524,206.129 777.365,204.055 776.259,202.145 774.439,203.424 771.933,204.247 768.525,204.247 769.371,201.484 770.578,200.125 771.493,200.326 773.25,198.186 774.948,198.186 776.259,195.885 779.396,195.499 779.74,194.2 778.916,193.223 777.5,192.704 778.406,191.321 779.618,191.625 779.356,189.685 777.638,189.795 776.935,189.083 777.22,186.475 778.195,186.192 778.878,184.895 781.505,184.706 780.224,181.267 779.08,180.5 777.273,178.194 775.031,177.867 773.396,175.784 772.136,175.837 770.775,174.512 770.941,172.545 771.656,171.944 769.732,170.254 769.605,169.166 768.234,169.166 766.861,168.233 765.398,170.081 761.459,171.332 760.509,169.286 760.892,168.167 762.827,168.167 763.433,166.844 765.87,166.129 766.897,163.002 765.369,163.36 763.906,162.464 761.971,160.161 761.132,158.79 761.55,157.382 760.985,155.829 763.462,154.065 762.531,152 761.01,149.954 760.545,148.661 760.655,146.524 757.528,146.686 755.71,145.756 755.316,145.025 753.342,144.522 752.242,143.37 750.191,143.668 748.525,144.722 746.429,144.522 745.273,146.03 746.697,147.127 745.33,148.598 743.779,149.458 741.117,148.497 740.198,148.762 739.033,148.801 737.073,147.721 734.823,148.617 732.75,148.125 731.246,149.294 729.97,148.801 728.216,149.321 727.699,149.076 724.632,147.182 722.273,146.823 723.015,143.588 722.746,141.915 721.863,140.819 720.73,140.653 718.962,139.018 718.216,138.855 717.029,136.715 714.55,137.995 714.161,136.75 714.185,134.513 712.943,133.333 711.269,133.399 710.884,132.655 709,132.741 708.226,134.209 706.257,134.513 703.3,133.811 701.632,134.065 701.24,133.058 699.423,133.62 697.911,133.536 696.003,132.674 695.452,130.967 694.037,131.149 692.244,133.151 690.49,134.649 689.14,136.497 687.796,135.7 686.068,137.171 686.608,138.745 684.349,139.018 683.115,139.594 683.049,138.022 679.266,137.117 677.865,137.869 676.549,140.188 675.179,140.848 673.462,140.491 671.842,139.731 671.343,138.223 671.842,136.333 671.28,134.649 670.566,134.622 669.093,131.633 669.575,128.963 667.337,127.336 664.21,128.469 662.419,127.309 661.433,125.483 658.635,124.897 659.197,122.75 658.121,121.708 653.738,121.99 652.632,122.411 654.011,123.598 654.328,124.667 655.5,125.592 655.287,127.118 655.941,128.115 657.642,127.811 659.074,129.112 660.757,129.741 661.855,131.212 662.63,133.973 662.066,135.417 662.277,136.699 663.158,138.188 666.825,138.407 665.978,140.151 664.99,140.985 665.216,143.645 663.253,145.352 663.398,146.879 662.356,146.879 662.03,149.512 661.253,151.202 662.795,153.306 665.099,152.61 666.202,153.643 664.323,155.244 664.031,157.959 664.492,160.481 663.398,161.823 661.615,162.627 659.916,162.667 658.563,161.713 655.53,158.18 653.908,156.842 652.843,154.776 651.17,154.065 646.189,153.965 644.406,153.048 642.97,153.581 641.366,155.116 643.218,159.922 642.805,163.223 640.823,163.909 639.267,163.051 638.416,164.714 637.962,168.034 636.865,168.315 635.519,166.844 634.88,167.793 635.546,171.113 633.941,173.772 634.184,174.904 633.756,176.395 634.24,178.15 632.896,179.339 632.386,181.624 630.858,181.679 629.936,182.659 628.891,182.659 629.587,185.364 628.298,187.053 625.521,191.542 624.898,195.499 626.361,198.771 625.857,200.407 624.698,200.125 624.698,203.105 625.228,205.215 626.809,208.077 628.628,209.674 629.7,210.085 630.237,211.356 628.738,213.442 627.341,214.44 621.8,214.457 619.615,214.182 618.906,214.951 615.923,216.121 614.169,216.405 612.695,215.984 611.031,217.539 611.232,218.422 610.523,219.638 608.947,221.111 608.884,222.463 607.785,223.953 608.171,226.476 606.974,228.03 607.632,229.694 606.113,231.405 605.474,231.265 604.643,234.108 604.111,234.393 601.847,237.611 600.384,237.409 600.32,238.907 601.24,240.422 599.224,240.627 601.187,241.458 603.548,243.012 605.566,245.937 605.779,247.695 607.455,250.561 610.111,251.22 610.878,252.236 612.55,251.758 615.054,252.389 615.865,251.312 618.217,252.134 619.798,253.194 620.841,250.782 625.115,251.002 625.941,251.396 630.537,251.915 632.003,252.692 632.238,254.237 632.003,257.317 633.016,258.124 632.448,260.243 633.181,261.081 636.169,263.303 638.201,264.082 639.689,265.426 640.849,265.862 641.271,267.124 639.55,268.754 639.211,270.497 640.967,272.325 641.448,273.707 642.733,273.76 643.812,275.453 645.236,277.217 646.554,277.829 646.576,279.658 649.302,279.995 652.138,278.997 656.578,280.286 658.121,281.293 659.021,280.928 661.074,281.374 662.238,282.795 664.492,282.208 665.483,283.278 667.695,282.737 669.13,284.008 669.513,285.105 670.616,284.95 673.572,285.307 675.839,286.695 675.878,287.93 678.262,288.321 680.527,288.239 680.281,289.711 681.929,288.979 682.393,287.627 684.97,286.629 688.728,289.119 689.863,290.298 690.992,290.298 689.23,292.006 688.937,293.53 686.819,294.108 685.948,294.821 686.608,296.575 685.382,297.132 684.512,298.594 683.115,298.478 682.867,300.782 681.03,301.338 679.003,302.618 679.13,303.415 675.179,304.655 673.717,304.903 673.481,307.004 671.544,307.362 668.984,309.692 668.142,309.61 666.825,311.932 665.521,313.147 664.003,313.99 665.135,315.315 665.483,317.022 666.119,317.415 665.64,319.108 666.024,320.68 667.992,323.981 667.783,325.232 669.541,325.834 669.995,327.973 672.986,328.377 672.063,330.815 674.916,332.836 675.308,334.637 674.531,336.438 675.125,339.784 677.09,339.895 676.823,342.161 677.448,342.92 678.646,342.782 680.072,343.358 680.968,344.883 682.73,345.745 684.671,344.344 685.859,344.19 686.99,341.803 690.429,341.586 691.351,341.165 693.281,343.523 695.4,343.907 694.817,345.304 694.828,346.622 694.054,348.924 692.923,349.95 692.865,351.629 692.183,352.635 692.263,354.982 690.81,355.486 687.324,356.093 686.636,357.471 687.767,359.745 685.5,360.43 684.283,363.119 684.853,365.193 682.65,365.633 680.609,366.893 678.73,365.361 678.07,363.174 676.013,362.37 674.439,364.091 673.931,365.579 671.037,364.061 670.228,364.893 671.983,367.186 672.687,367.252 672.267,370.402 671.864,371.034 673.363,374.736 675.573,376.84 677.566,377.344 678.462,376.984 679.24,378.796 678.824,382.527 678.012,383.464 680.108,384.499 682.312,386.364 683.743,387.176 685.226,388.803 686.423,388.096 687.823,385.826 689.294,385.927 691.787,387.204 691.945,389.225 693.615,390.204 694.177,392.965 695.369,392.764 697.291,393.293 697.992,395.624 698.234,397.754 697.613,399.407 698.599,400.955 699.278,404.67 699.011,405.797 700.301,405.999 702.408,404.458 703.636,405.25 704.769,404.975 706.798,403.038 708.531,403.871 712.128,403.254 712.887,402.461 714.322,403.777 713.24,404.95 712.108,407.352 712.731,408.822 710.107,411.869 707.74,413.542 706.742,415.54 708.198,416.355 710.884,414.883 713.298,414.2 713.693,413.491 715.984,413.393 717.146,412.678 718.49,410.516 720.273,408.876 723.554,407.773 724.714,405.503 726.214,404.865 727.175,403.418 730.078,401.209 733.615,400.734 733.424,399.407 734.078,397.552 736.021,394.219 739.99,393.159 742.648,394.535 743.864,394.755 746.541,392.434 746.761,391.768 748.541,391.193 751.83,392.35 753.087,389.924 751.781,388.75 751.443,387.734 749.925,388.292 747.447,387.006 744.615,386.229 743.951,385.404 742.804,385.354 742.648,384.241 740.683,382.489 738.68,382.83 736.83,381.393 736.021,382.469 734.716,383.027 733.49,381.966 733.99,378.514 733.214,378.355 732.446,376.823 731.013,377.516 730.74,375.551 728.717,375.25 728.363,376.92 725.775,377.206 725.052,376.207 724.067,376.152 721.951,374.146 723.051,370.979 721.919,370.042 720.424,370.287 719.448,368.54 719.971,366.729 718.252,366.136 717.476,364.616 717.146,362.738 718.343,361.986 718.608,360.389 717.987,359.234 718.99,358.632 718.66,357.605 719.531,355.542 719.068,353.549 717.531,353.127 716.095,351.045 714.521,350.253 714.322,348.523 715.419,347.746 717.851,346.977 719.74,346.073 718.753,343.877 716.343,342.563 717.65,339.874 720.628,337.571 722.073,337.28 724.752,336.1 725.318,334.571 727.111,333.157 726.515,331.54 729.281,330.979 729.641,329.565 730.573,328.65 730.381,326.942 729.724,325.725 730.285,322.946 728.323,321.072 728.307,320.022 729.46,319.108 729.943,317.471 731.615,317.25 732.065,316.432 733.49,316.586 735.637,314.84 737.335,314.401 738.281,312.846 740.291,312.792 743.323,314.262 744.295,314.18 746.824,314.874 749.116,314.401 751.587,314.975 754.048,314.6 755.591,317.553 757.503,316.448 759.019,315.042 763.246,316.145 763.246,317.169 762.324,318.348 762.115,320.625 763.869,321.493 767.31,320.742 767.637,320.242 771.396,318.577 773.781,316.09 774.347,313.348 775.573,312.097 775.308,310.964 775.419,308.139 776.702,307.984 "
           style="opacity:1;vector-effect:none;fill:#004b83;fill-opacity:1;stroke:#ffffff;stroke-width:1.5;stroke-linecap:round;stroke-linejoin:round;stroke-miterlimit:4;stroke-dasharray:none;stroke-dashoffset:0;stroke-opacity:1" />
        <path
           id="Ptuj"
           d="M964.115,99.953 960.769,99.174 957.775,99.296 954.309,99.01 950.304,96.333 953.409,93.526 953.649,91.27 952.252,90.537 951.11,88.609 948.365,90.728 946.486,91.149 945.269,88.133 943.688,87.392 944.554,85.664 944.16,83.947 942.169,81.788 941.326,79.743 939.191,78.336 938.853,76.663 936.619,75.967 935.9,74.789 934.566,74.241 935.524,72.275 935.541,69.562 936.619,68.555 937.507,66.249 937.742,63.435 935.726,63.847 932.38,63.601 932.004,60.885 932.416,57.814 932.441,54.927 934.027,53.474 938.925,52.695 940.736,51.807 941.099,47.486 940.644,46.981 940.703,43.829 941.757,43.736 941.987,40.264 943.806,40.183 943.777,39.04 943,37.182 942.883,35.412 941.666,34.523 940.197,34.294 940.62,32.832 939.128,32.695 937.24,33.638 936.677,32.394 934.804,30.702 933.96,28.774 933.103,28.298 931.011,28.49 930.718,27.164 928.512,27.129 927.435,25.777 927.281,24.113 926.357,22.037 925.28,21.243 922.215,21.37 920.83,21.755 918.96,21.48 917.654,21.817 915.45,21.505 913.147,20.712 911.324,20.684 910.195,19.952 907.509,19.79 904.976,21.975 902.087,23.563 900.087,23.036 898.386,23.252 896.568,24.339 894.032,24.559 892.121,25.528 890.215,28.654 886.666,27.539 885.734,27.933 883.861,30.42 882.158,29.513 881.536,30.074 878.912,29.98 877.929,29.276 874.796,29.13 873.962,26.352 871.804,26.171 871.746,24.642 870.784,23.729 869.73,23.865 868.587,25.558 865.99,27.576 865.406,26.059 863.552,26.25 862.865,28.16 861.183,29.715 860.262,31.197 857.886,31.057 857.406,31.955 856.103,32.529 856.221,34.24 854.875,35.776 853.944,37.621 852.781,36.8 851.65,38.125 850.82,37.494 848.524,37.239 848.278,38.849 846.34,39.221 845.031,36.982 843.412,37.157 841.604,38.81 840.134,39.04 838.378,41.386 836.531,41.041 835.216,39.559 833.269,40.484 832.865,42 831.784,42.923 832.236,46.076 835.597,50.411 835.462,52.083 834.029,53.27 833.937,55.838 834.408,57.732 834.179,60.61 833.196,63.682 832.894,66.112 833.365,67.302 832.921,69.058 832.825,72.685 833.105,74.696 831.784,76.727 832.353,77.422 833.069,80.438 832.865,81.487 834.029,83.263 834.535,86.005 835.367,86.525 836.806,88.709 837.71,89.486 837.216,91.168 837.865,92.283 839.453,92.612 840.533,92.039 841.897,92.776 843.156,94.915 845.33,94.331 845.599,95.245 845.232,97.547 845.655,99.451 847.356,100.95 849.033,103.864 849.979,106.232 849.115,110.344 848.996,112.381 849.476,113.461 849.115,114.458 849.371,117.045 848.787,119.421 843.412,116.587 840.762,115.95 839.125,114 838.469,111.495 837.638,109.788 835.158,108.042 831.491,106.79 822.335,105.637 820.607,105.043 818.423,103.827 816.394,101.233 811.779,97.154 809.841,95.886 807.362,94.887 803.99,94.172 799.245,91.589 793.642,90.51 785.882,90.592 780.698,91.872 775.837,93.554 774.073,94.466 770.941,97.348 768.892,98.616 766.279,100.891 762.896,101.15 760.774,101.717 756.843,100.813 755.286,101.204 752.312,102.577 751.137,102.778 746.697,101.834 743.005,101.415 739.841,99.256 737.033,97.958 735.693,97.849 731.156,98.125 728.835,98.536 730.179,101.278 730.179,104.358 727.266,105.27 726.187,104.495 724.186,106.296 723.472,108.125 723.671,109.395 721.351,110.225 719.74,110.198 717.65,108.598 715.242,109.614 714.905,108.014 716.224,106.68 714.019,105.793 712.046,105.694 710.613,107.602 706.823,109.788 703.845,110.301 703.577,112.337 702.777,112.118 701.279,113.161 700.711,114.256 698.48,113.762 696.268,115.071 697.192,116.07 697.861,119.787 699.156,122.309 698.705,124.732 697.291,124.258 696.531,126.452 698.655,128.051 696.781,130.516 696.003,132.674 697.911,133.536 699.423,133.62 701.24,133.058 701.632,134.065 703.3,133.811 706.257,134.513 708.226,134.209 709,132.741 710.884,132.655 711.269,133.399 712.943,133.333 714.185,134.513 714.161,136.75 714.55,137.995 717.029,136.715 718.216,138.855 718.962,139.018 720.73,140.653 721.863,140.819 722.746,141.915 723.015,143.588 722.273,146.823 724.632,147.182 727.699,149.076 728.216,149.321 729.97,148.801 731.246,149.294 732.75,148.125 734.823,148.617 737.073,147.721 739.033,148.801 740.198,148.762 741.117,148.497 743.779,149.458 745.33,148.598 746.697,147.127 745.273,146.03 746.429,144.522 748.525,144.722 750.191,143.668 752.242,143.37 753.342,144.522 755.316,145.025 755.71,145.756 757.528,146.686 760.655,146.524 760.545,148.661 761.01,149.954 762.531,152 763.462,154.065 760.985,155.829 761.55,157.382 761.132,158.79 761.971,160.161 763.906,162.464 765.369,163.36 766.897,163.002 765.87,166.129 763.433,166.844 762.827,168.167 760.892,168.167 760.509,169.286 761.459,171.332 765.398,170.081 766.861,168.233 768.234,169.166 769.605,169.166 769.732,170.254 771.656,171.944 770.941,172.545 770.775,174.512 772.136,175.837 773.396,175.784 775.031,177.867 777.273,178.194 779.08,180.5 780.224,181.267 781.505,184.706 778.878,184.895 778.195,186.192 777.22,186.475 776.935,189.083 777.638,189.795 779.356,189.685 779.618,191.625 778.406,191.321 777.5,192.704 778.916,193.223 779.74,194.2 779.396,195.499 776.259,195.885 774.948,198.186 773.25,198.186 771.493,200.326 770.578,200.125 769.371,201.484 768.525,204.247 771.933,204.247 774.439,203.424 776.259,202.145 777.365,204.055 776.524,206.129 776.643,206.907 778.615,208.706 781.185,209.569 779.185,211.356 777.299,211.887 775.254,211.915 774.439,213.294 775.517,214.695 773.99,216.375 775.451,218.532 777.181,219.483 775.361,220.663 774.439,220.555 772.941,219.221 769.995,217.674 769.182,218.971 767.375,220.516 766.328,222.629 762.091,221.22 756.787,219.666 754.009,222.247 750.49,225.225 744.785,228.745 742.281,229.858 739.515,231.487 739.13,231.889 734.716,234.063 735.032,234.885 741.267,234.804 741.462,236.724 740.966,237.307 739.244,236.834 738.615,235.725 736.466,236.989 736.916,237.965 740.82,239.767 739.961,242.117 738.179,245.077 736.523,242.894 735.736,243.614 736.378,244.528 734.861,246.887 737.335,249.073 735.811,249.934 735.335,253.083 735.755,256.823 736.323,258.926 740.611,260.444 742.137,259.757 743.444,258.651 744.64,258.954 745.742,257.958 748.24,257.874 749.301,260.225 750.875,261.557 750.875,263.405 749.301,263.321 748.24,264.52 749.448,265.27 748.884,267.638 749.32,270.333 748.791,271.401 749.265,274.02 748.166,274.538 747.923,276.532 748.24,278.268 746.842,281.786 745.273,283.139 743.635,286.933 742.255,289.119 741.037,289.62 738.68,291.311 737.841,291.367 740.32,292.225 744.455,291.45 742.91,294.053 743.8,295.598 746.313,294.327 750.191,294.547 752.044,293.588 754.429,293.415 755.765,294.215 757.346,294.411 757.466,295.663 758.425,296.987 760.929,296.274 762.563,296.193 763.516,297.05 764.83,299.236 767.546,300.287 770.227,299.758 771.869,298.679 774.453,298.038 777.484,297.736 779.96,296.797 782.244,296.657 784.079,296.958 786.245,296.657 788.121,295.442 790.781,294.739 791.703,295.079 794.602,294.583 797.009,293.864 798.12,292.581 797.768,290.514 799.912,288.661 803.187,288.442 807.3,286.659 808.435,284.257 809.219,285.25 812.045,284.054 812.875,285.864 815.655,285.389 816.904,284.448 821.74,283.514 824.066,281.686 825.107,281.85 825.679,280.872 828.041,280.352 828.835,279.217 829.666,276.532 830.682,275.204 831.55,275.151 831.851,273.678 833.365,273.953 834.115,274.951 835.544,274.457 835.597,272.598 839.548,275.764 842.097,274.592 843.229,275.086 844.254,273.733 845.781,272.545 845.99,271.249 845.271,269.565 845.637,268.14 847.72,267.198 847.447,264.85 849.476,263.321 850.157,262.325 852.217,262.108 853.864,263.184 855.341,263.16 857.921,260.086 859.467,260.059 860.031,260.973 861.246,260.444 862.484,258.981 862.865,257.619 861.785,254.163 862.062,253.522 861.162,250.983 861.085,249.594 857.527,244.748 854.841,242.913 855.235,239.292 855.882,238.542 856.541,236.952 866.066,239.016 878.88,232.958 880.576,231.77 882.136,231.387 884.6,231.523 887.5,233.233 890.426,236.449 892.298,237.663 892.335,238.935 892.986,240.013 894.448,240.286 896.419,239.292 897.608,240.506 896.806,242.235 897.198,243.452 902.406,241.677 903.523,240.37 905.361,239.987 906.732,242.894 908.05,241.595 908.433,239.274 909.931,238.781 911.843,240.37 912.051,242.061 912.638,242.813 914.108,242.117 915.472,242.144 919.078,243.452 920.781,243.805 922.952,242.792 932.074,242.592 933.049,239.374 932.416,238.003 932.854,235.442 933.615,233.872 931.666,232.023 931.156,230.436 930.361,229.739 928.606,229.283 927.636,227.647 926.064,226.476 923.048,226.505 922.82,225.315 923.734,224.486 923.085,222.381 923.24,220.838 921.437,216.915 920.552,215.792 919.828,212.19 920.398,210.167 919.948,208.352 918.396,205.792 918.492,202.28 917.947,200.683 917.205,200.341 915.89,196.67 912.519,195.26 912.871,192.896 912.519,190.262 912.73,189.083 914.336,188.852 916.796,187.938 918.455,187.857 919.617,186.395 920.41,186.082 920.41,182.958 920.041,181.603 922.952,181.295 925.615,181.458 927.49,180.992 928.267,182.118 930.572,182.875 932.234,182.298 933.049,181.431 932.955,180.42 933.88,178.962 935.031,179.111 934.765,177.1 937.9,174.986 939.07,175.125 940.703,174.512 941.535,175.784 943.325,174.733 943.212,172.027 944.31,171.059 944.077,169.53 944.554,168.844 946.781,168.233 947.615,169.011 947.509,170.636 948.573,170.62 948.55,168.752 947.809,167.62 949.236,166.87 950.734,166.962 951.11,165.928 950.589,164.053 951.686,163.186 953.649,164.236 955.021,164.236 955.405,165.928 953.701,166.704 952.287,166.487 951.686,167.338 952.698,168.792 954.007,169.393 956.96,169.286 957.25,171.495 960.33,171.495 961.603,169.94 962.66,170.772 962.323,173.653 963.257,174.375 963.551,175.563 964.929,175.289 964.573,172.354 966.438,173.581 966.986,174.575 968.807,174.09 969.158,172.82 970.166,172.684 971.156,173.817 971.302,175.289 972.984,174.713 974.077,176.176 973.212,177.2 973.13,178.746 974.261,180.692 977.425,179.523 979.92,179.969 980.468,177.811 981.712,178.524 980.615,180.827 981.906,181.54 982.132,179.44 983.531,179.713 983.2,182.015 983.98,182.346 985.467,181.487 986.511,183.177 988.84,183.46 988.009,185.864 989.738,187.026 990.365,188.186 992.636,188.852 995.283,189.098 994.921,190.657 997.516,190.408 998.275,191.64 997.673,193.288 997.495,195.307 996.472,196.468 998,196.944 999.573,196.67 1000.138,195.855 1001.896,196.045 1002.863,196.907 1001.401,198.352 1001.162,199.731 1000.269,200.982 1002.234,201.202 1003.96,199.704 1003.995,198.077 1005.306,197.108 1006.262,197.463 1007.658,196.852 1008.49,197.6 1011.593,196.806 1012.066,198.186 1015.961,199.448 1017.259,199.008 1019.051,199.173 1020.396,198.459 1020.923,199.129 1020.396,203.049 1021.612,203.451 1022.386,202.61 1021.823,200.142 1022.691,197.463 1023.382,196.907 1024.07,197.409 1025.433,197.72 1023.732,198.708 1024.179,200.188 1026.774,200.426 1026.812,199.293 1025.878,198.771 1025.468,197.108 1024.006,197.273 1023.313,196.824 1022.216,197.025 1018.695,196.743 1017.525,196.266 1017.202,195.125 1014.041,193.387 1014.307,192.536 1013.066,191.522 1011.683,191.542 1009.902,190.462 1007.132,189.219 1003.96,186.859 1002.297,186.532 999.82,184.528 1000.296,183.076 1001.746,183.515 1002.718,180.435 1000.24,179.713 999.939,178.168 1001.871,175.62 1001.573,174.594 1002.314,172.748 1000.652,171.194 998,171.113 997.156,168.532 998.117,166.047 997.869,163.36 994.562,157.796 992.031,159.147 989.875,158.233 986.758,157.604 986.312,153.862 986.966,152.42 985.689,150.426 983.617,147.986 982.224,148.801 979.865,143.889 978.045,143.506 976.943,142.235 975.202,139.1 974.826,137.694 971.128,136.768 968.402,136.817 966.027,133.653 964.472,130.407 963.396,130.073 962.919,128.963 961.281,128.387 960.187,127.491 958.029,127.775 957.349,125.036 958.092,124.596 956.115,123.103 955.853,118.792 957.554,117.895 959.052,113.881 962.869,116.084 966.476,116.543 966.687,114.713 965.99,113.819 967.517,112.684 968.058,110.62 966.5,109.534 967.306,104.1 968.912,100.592 967.763,99.852 965.365,99.651 "
           style="opacity:1;vector-effect:none;fill:#004b83;fill-opacity:1;stroke:#ffffff;stroke-width:1.5;stroke-linecap:round;stroke-linejoin:round;stroke-miterlimit:4;stroke-dasharray:none;stroke-dashoffset:0;stroke-opacity:1" />
        <path
           id="Ljubljana-Center"
           d="M427.179,497.167 427.232,495.676 429.517,495.52 431.051,496.235 431.281,494.57 429.104,491.088 428.538,491.363 425.49,487.092 424.189,486.967 422.807,486.083 421.145,484.034 417.951,482.12 417.533,483.893 416.65,485.165 414.66,483.318 414.454,479.354 416.308,477.99 416.785,476.362 416.765,473.093 416.136,470.44 414.345,470.833 413.603,470.136 413.267,468.545 412.433,467.888 413.115,466.484 412.046,466.06 411.302,464.928 412.262,463.027 411.509,461.545 409.337,460.395 405.103,456.564 403.549,454.417 402.626,453.94 401.601,449.544 400.448,447.434 400.296,446.108 401.339,443.67 402.152,443.292 401.664,441.098 401.849,439.014 402.587,436.69 401.638,435.914 402.679,433.821 401.758,431.491 400.89,430.589 400.359,427.37 400.74,425.96 399.179,423.647 399.017,422.196 401.301,421.229 403.13,421.059 404.983,418.707 405.552,419.618 408.257,419.379 408.403,416.711 409.445,415.898 407.845,414.162 406.65,414.581 405.762,413.639 403.568,412.277 403.155,411.145 401.101,411.346 399.603,407.882 398.5,407.012 396.092,406.775 395.073,407.633 391.979,406.857 390.278,405.111 389.321,402.816 389.705,401.329 386.429,399.855 384.521,399.801 383.35,395.872 382.49,395.398 383.012,393.676 381.064,393.102 382.105,391.988 381.895,390.083 381.115,389.146 379.308,388.583 379.187,388.176 375.031,388.191 373.931,388.502 373.905,386.823 372.919,384.766 373.822,380.479 374.8,375.852 372.198,375.579 371.605,375.934 369.648,374.719 368.891,373.836 368.265,372.198 367.811,369.098 366.054,368.741 366.955,367.05 369.077,365.495 367.699,362.891 370.087,362.616 371.76,363.232 375.808,365.553 376.371,366.109 377.663,364.855 378.55,363.293 378.34,362.452 379.388,361.375 379.929,358.494 379.115,356.093 379.323,354.864 377.087,352.683 377.717,351.629 377.307,350.387 379.546,349.829 379.546,347.864 380.85,344.967 381.932,344.985 383.687,343.778 385.97,343.002 385.863,342.086 384.427,340.833 385.087,339.621 384.835,337.817 382.671,337.717 382.105,336.301 380.523,336.658 379.742,334.664 380.433,332.59 376.923,329.537 375.787,329.682 375.425,326.75 373.365,325.149 372.705,324.135 368.779,324.474 367.811,323.678 366.53,324.372 363.316,323.321 360.9,323.533 361.663,325.534 363.574,326.861 361.289,327.853 360.215,328.963 355.257,330.196 352.187,330.451 352.318,329.482 349.289,328.825 346.849,330.161 343.716,329.6 344.49,330.342 344.693,333.613 346.072,335.578 346.588,337.491 348.97,339.736 346.072,341.449 343.394,341.921 340.507,343.999 339.159,343.467 336.23,343.825 336.289,345.708 336.775,347.086 335.304,349.483 333.808,349.196 333.994,347.032 332.923,346.622 331.375,347.067 330.425,348.146 330.538,349.564 329.348,350.075 328.183,349.081 326.837,350.253 326.103,352.854 325.398,353.731 323.283,353.954 321.74,354.764 320.737,356.008 319.503,356.393 319.743,358.934 319.023,359.219 319.3,362.314 321.888,364.445 321.147,365.415 321.978,367.499 320.515,369.215 320.279,370.863 318.816,371.374 316.035,370.844 314.171,368.715 312.343,368.412 310.642,369.154 307.929,368.239 304.827,367.803 303.307,366.949 300.361,366.592 299.039,365.991 298.08,366.546 296.501,366.641 295.854,368.355 295.087,368.659 294.988,370.148 294.236,370.82 293.083,370.367 291.054,370.706 288.541,370.504 287.351,370.979 286.695,373.092 283.99,374.521 282.57,376.84 281.591,380.029 281.794,381.281 281.577,383.941 282.702,386.229 282.077,388.667 280.434,389.391 279.897,390.741 279.455,393.511 278.497,395.286 277.336,395.669 276.021,397.195 274.796,397.536 274.796,399.635 271.634,401.014 270.836,402.207 271.421,404.114 270.836,404.918 268.99,405.559 265.58,404.918 265.671,406.74 263.615,406.555 262.745,408.075 263.14,409.9 260.956,410.531 260.323,411.869 261.23,412.497 260.125,415.68 260.691,417.324 258.845,417.186 258.57,419.482 257.282,421.027 257.263,422.551 255.207,423.409 251.184,422.715 251.624,424.625 249.925,426.153 250.263,428.148 251.387,429.218 252.374,428.228 253.47,428.475 252.936,430.112 253.925,433.629 253.825,435.63 251.257,437.25 250.781,441.604 250.972,442.514 249.148,442.926 246.796,444.92 248.013,448.875 247.685,454.004 248.58,455.36 249.537,455.467 251.12,456.62 253.804,460.368 254.3,463.381 254.703,468.274 256.366,472.35 257.446,470.685 259.585,470.854 260.927,469.692 263.105,468.967 263.974,470.685 265.19,471.291 270.446,470.44 275.58,468.254 276.314,470 277.691,469.856 279.476,472.103 280.7,472.926 283.333,472.686 284.638,473.649 286.24,475.625 284.786,476.721 285.353,477.672 287.234,477.213 288.157,477.696 292.161,476.94 292.597,477.99 292.161,479.268 292.597,480.797 294.522,481.727 296.064,479.379 297.161,480.797 298.607,480.174 299.73,480.851 300.505,480.073 302.531,481.784 303.156,483.089 304.406,483.729 305.05,484.864 303.486,485.084 303.703,486.358 303.129,487.243 303.044,488.893 301.605,489.818 301.073,491.744 301.515,492.862 299.97,496.18 298.621,498.065 299.194,499.69 298.926,501.526 298.117,502.569 296.064,504.006 294.327,504.735 300.888,512.934 299.699,513.871 307.695,522.787 310.471,523.245 317.269,522.805 318.761,529.805 320.937,531.702 323.357,531.009 323.678,531.946 331.699,540.659 337.342,545.311 337.966,547.02 336.701,547.139 334.615,548.848 334.948,550.95 338.476,556.379 340.142,559.381 343.57,563.301 346.53,563.585 347.472,564.333 350.012,564.79 351.175,566.096 351.591,569.305 350.512,570.038 349.289,573.27 350.157,575.812 348.367,580.008 348.367,583.506 346.649,584.012 345.928,585.915 347.628,587.168 348.02,588.356 350.787,588.657 352.05,589.317 353.505,589.433 354.81,592.059 355.086,593.508 356.033,594.605 354.992,599.061 351.295,598.371 351.909,601.295 353.313,601.333 355.562,602.154 359.591,601.141 360.567,601.225 362.937,602.93 363.277,601.243 365.404,601.938 367.096,600.997 369.228,600.94 370.478,602.604 372.198,603.096 373.313,601.973 373.751,599.178 373.723,596.76 372.09,591.395 371.933,590.428 376.044,590.758 377.125,589.676 379.774,589.448 382.671,587.483 385.119,584.504 386.823,581.664 387.032,579.973 388.867,576.911 389.919,575.979 390.845,573.426 392.449,570.717 393.175,567.256 392.99,565.439 393.65,561.499 392.925,560.875 390.818,560.646 390.818,556.908 390.517,552.504 389.169,549.434 388.431,545.366 385.119,538.146 383.65,531.702 385.823,530.081 386.931,529.745 389.262,532.907 389.298,533.618 390.845,534.35 391.979,534.245 392.4,533.317 394.637,532.686 395.703,532.842 395.88,531.362 394.236,529.524 393.595,528.071 393.595,526.562 392.691,526.124 392.412,524.836 393.031,523.245 392.691,522.449 394.154,520.84 394.33,518.858 393.492,516.308 393.898,514.838 393.441,514.153 390.752,513.928 389,514.114 386.429,511.098 386.878,509.743 387.974,510.25 389.054,509.624 391.674,509.656 392.33,508.418 393.073,506.558 394.181,506.891 400.238,507.424 401.73,507.315 401.796,504.067 403.071,504.684 405.419,504.625 405.935,503.986 408.294,502.989 410.365,503.986 411.563,503.592 413.001,504.288 414.845,503.008 415.948,504.106 419.287,503.264 422.095,502.183 422.576,500.586 424.031,500.685 426.3,497.725 "
           style="opacity:1;vector-effect:none;fill:#003a65;fill-opacity:1;stroke:#ffffff;stroke-width:1.5;stroke-linecap:round;stroke-linejoin:round;stroke-miterlimit:4;stroke-dasharray:none;stroke-dashoffset:0;stroke-opacity:1" />
        <path
           id="Ljubljana-Beigrad"
           d="M494.742,439.882 496.864,438.549 497.671,439.882 499.634,439.854 500.656,439.15 500.806,436.309 502.177,435.887 503.298,433.375 505.212,431.884 508.289,431.006 509.215,431.682 510.103,430.084 509.48,428.366 509.935,426.849 511.839,425.321 513.476,425.024 517.677,426.403 519.121,429.077 520.22,428.803 522.117,429.305 524.361,428.833 525.41,430.084 527.232,430.942 527.703,431.627 529.488,431.902 530.009,430.721 532.295,431.575 533.636,430.752 534.26,429.708 533.16,427.45 534.234,426.508 535.697,426.073 537.933,424.543 538.287,422.442 539.308,421.529 538.326,420.723 538.136,418.823 536.738,416.271 535.605,415.68 535.697,414.492 536.774,413.275 539.095,413.174 540.677,413.491 543.992,413.256 545.861,413.475 546.015,414.665 547.514,415.715 548.795,415.639 549.589,416.381 551.447,416.711 552.275,415.861 552.843,413.219 553.675,412.04 555.767,410.215 558.628,411.282 557.733,412.898 561.591,413.081 562.9,412.779 561.802,411.346 561.496,409.204 559.024,405.92 558.545,404.335 557.05,402.598 556.33,400.734 556.601,399.436 556.281,397.114 555.055,397.223 552.963,396.583 551.025,394.59 551.178,392.27 549.799,390.878 549.296,388.096 549.655,386.046 544.525,387.451 542.615,388.611 540.74,388.311 536.437,390.506 534.654,392.489 533.746,392.991 530.125,392.605 528.563,391.831 527.322,392.072 524.861,390.859 524.698,389.73 526.363,388.448 529.105,388.311 528.865,387.121 526.363,385.77 526.662,382.811 525.738,380.029 525.796,378.577 524.343,377.104 525.135,376.518 528.865,375.299 529.937,371.596 529.156,369.764 527.58,367.252 527.97,366.311 528.127,365.713 526.985,363.622 525.41,362.954 524.425,364.171 522.962,365.111 520.662,365.534 518.348,367.551 517.137,368.239 515.149,371.959 513.777,373.109 511.865,373.968 508.367,374.438 506.251,373.943 503.191,374.146 501.529,373.611 499.906,373.775 498.115,374.773 496.948,374.104 495.467,372.534 495.851,370.761 495.351,368.659 494.307,368.219 493.91,365.915 495.31,364.4 494.895,360.893 495.67,359.745 495.611,358.777 494.367,357.454 493.169,357.891 490.283,357.756 488.663,358.027 485.769,357.334 482.852,358.341 482.554,357.605 480.74,358.001 479.892,358.777 478.137,358.52 476.94,354.49 477.962,354.824 478.49,352.737 479.806,349.881 478.281,348.761 475.962,346.292 474.342,343.467 475.08,342.462 473.573,340.917 471.698,341.007 470.119,338.896 471.967,338.704 473.878,339.481 477.425,339.225 479.984,339.454 483.384,338.843 485.076,338.202 485.486,337.023 486.991,336.823 488.578,335.761 490.779,335.899 493.767,337.213 494.895,336.237 494.507,334.116 496.178,333.998 496.781,332.782 498.392,331.239 497.933,330.396 497.914,328.431 498.475,327.517 497.705,324.117 497.012,323.394 495.243,322.049 493.07,322.848 491.287,322.946 490.186,323.981 488.281,324.5 484.343,324.271 483.289,325.644 481.205,326.885 475.935,326.573 474.074,325.644 470.828,325.314 468.921,324.372 468.777,326.025 467.326,325.808 466.236,326.75 464.689,326.531 463.134,327.215 461.189,326.467 459.075,327.69 456.565,326.861 455.448,327.69 455.531,330.161 454.755,330.479 451.683,329.958 451.088,329.244 451.064,327.772 448.97,328.249 447.828,325.057 446.126,324.372 444.316,324.117 442.46,324.474 440.759,323.533 439.609,324.117 438.055,323.556 436.615,327.133 435.095,327.351 433.535,326.915 432.655,325.973 429.908,326.776 428.596,326.31 428.357,325.454 425.531,323.502 423.924,323.475 422.433,324.638 420.899,323.643 421.145,322.27 418.935,323.595 418.662,324.774 417.17,325.249 415.808,324.875 415.003,327.077 413.829,327.837 413.244,328.934 411.744,330.258 408.823,331.036 408.805,331.977 405.478,333.439 404.442,331.12 402.823,331.457 400.982,331.12 397.576,330.041 397.421,328.213 394.032,331.239 389.794,333.579 388.304,335.625 386.691,336.016 384.835,337.817 385.087,339.621 384.427,340.833 385.863,342.086 385.97,343.002 383.687,343.778 381.932,344.985 380.85,344.967 379.546,347.864 379.546,349.829 377.307,350.387 377.717,351.629 377.087,352.683 379.323,354.864 379.115,356.093 379.929,358.494 379.388,361.375 378.34,362.452 378.55,363.293 377.663,364.855 376.371,366.109 375.808,365.553 371.76,363.232 370.087,362.616 367.699,362.891 369.077,365.495 366.955,367.05 366.054,368.741 367.811,369.098 368.265,372.198 368.891,373.836 369.648,374.719 371.605,375.934 372.198,375.579 374.8,375.852 373.822,380.479 372.919,384.766 373.905,386.823 373.931,388.502 375.031,388.191 379.187,388.176 379.308,388.583 381.115,389.146 381.895,390.083 382.105,391.988 381.064,393.102 383.012,393.676 382.49,395.398 383.35,395.872 384.521,399.801 386.429,399.855 389.705,401.329 389.321,402.816 390.278,405.111 391.979,406.857 395.073,407.633 396.092,406.775 398.5,407.012 399.603,407.882 401.101,411.346 403.155,411.145 403.568,412.277 405.762,413.639 406.65,414.581 407.845,414.162 409.445,415.898 408.403,416.711 408.257,419.379 405.552,419.618 404.983,418.707 403.13,421.059 401.301,421.229 399.017,422.196 399.179,423.647 400.74,425.96 400.359,427.37 400.89,430.589 401.758,431.491 402.679,433.821 401.638,435.914 402.587,436.69 401.849,439.014 401.664,441.098 402.152,443.292 401.339,443.67 400.296,446.108 400.448,447.434 401.601,449.544 402.626,453.94 403.549,454.417 405.103,456.564 409.337,460.395 411.509,461.545 412.262,463.027 411.302,464.928 412.046,466.06 413.115,466.484 412.433,467.888 413.267,468.545 413.603,470.136 414.345,470.833 416.136,470.44 416.765,473.093 416.785,476.362 416.308,477.99 414.454,479.354 414.66,483.318 416.65,485.165 417.533,483.893 417.951,482.12 421.145,484.034 422.807,486.083 424.189,486.967 425.49,487.092 428.538,491.363 429.104,491.088 431.281,494.57 431.051,496.235 429.517,495.52 427.232,495.676 427.179,497.167 426.3,497.725 424.031,500.685 422.576,500.586 422.095,502.183 419.287,503.264 415.948,504.106 414.845,503.008 413.001,504.288 411.563,503.592 410.365,503.986 408.294,502.989 405.935,503.986 405.419,504.625 403.071,504.684 401.796,504.067 401.73,507.315 400.238,507.424 394.181,506.891 393.073,506.558 392.33,508.418 391.674,509.656 389.054,509.624 387.974,510.25 386.878,509.743 386.429,511.098 389,514.114 390.752,513.928 393.441,514.153 393.898,514.838 393.492,516.308 394.33,518.858 394.154,520.84 392.691,522.449 393.031,523.245 392.412,524.836 392.691,526.124 393.595,526.562 393.595,528.071 394.236,529.524 395.88,531.362 395.703,532.842 394.637,532.686 392.4,533.317 391.979,534.245 390.845,534.35 389.298,533.618 389.262,532.907 386.931,529.745 385.823,530.081 383.65,531.702 385.119,538.146 388.431,545.366 389.169,549.434 390.517,552.504 390.818,556.908 390.818,560.646 392.925,560.875 393.65,561.499 394.87,561.699 396.238,564.047 397.637,565.129 398.656,564.333 400.093,564.405 402.233,563.436 404.226,564.663 405.197,566.125 405.656,568.583 403.953,574.013 402.98,575.098 403.488,578.774 401.758,581.762 404.555,584.423 405.656,584.725 405.987,585.693 407.307,586.805 408.943,586.894 410.046,588.125 411.363,588.08 412.698,592.172 413.617,592.967 415.15,592.342 416.039,593.005 417.17,595.075 418.098,595.913 419.088,597.895 420.845,597.977 424.716,599.094 425.433,598.754 428.101,599.452 429.318,601.994 430.896,602.659 432.151,604.596 432.329,606.945 433.641,608.473 433.871,610.502 433.574,612.686 432.984,613.958 431.337,614.422 430.834,615.327 431.466,617.274 430.396,618.828 430.653,621.4 429.655,623.225 429.974,625.247 431.281,627.174 434.353,627.768 435.095,625.683 434.72,624.577 435.8,623.477 437.716,624.276 440.701,623.84 442.05,624.614 442.576,625.545 444.262,626.434 445.422,625.912 446.347,628.288 449.002,630.538 450.013,630.952 451.766,632.524 452.543,634.194 455.531,633.714 455.41,636.124 457.114,635.784 461.464,636.286 462.213,637.375 461.464,638.666 462.863,639.102 464.236,637.815 466.81,641.298 465.34,642.944 465.823,644.01 467.432,645.448 467.671,647.725 467.378,648.801 470.74,652.127 470.621,653.864 470.923,657.043 474.107,656.693 476.105,656.852 477.186,656.409 479.714,656.157 483.384,655.088 484.938,654.149 487.186,654.53 487.98,654.11 489.261,651.711 491.205,651.571 493.648,650.127 495.243,649.797 497.633,650.317 499.07,649.85 500.238,648.865 500.865,647.491 500.408,644.505 502.113,642.017 500.923,639.979 501.191,638.28 502.429,637.375 501.318,634.57 501.367,631.096 501.789,630.217 503.281,629.149 503.849,626.815 507.096,626.049 510.761,628.489 512.341,630.198 514.021,631.415 516.308,633.91 518.943,635.292 519.952,637.12 522.656,639.92 525.466,641.049 528.66,640.911 530.326,640.435 532.981,640.697 533.546,642.125 535.865,643.518 536.323,645.024 537.337,645.754 540.597,645.227 542.08,644.708 543.336,643.399 543.712,642.266 545.302,641.77 546.698,642.743 548.371,641.77 547.896,640.635 548.556,638.582 550.453,637.98 553.198,635.106 553.463,635.741 555.521,634.077 558.281,632.876 559.406,633.435 561.965,633.5 563.365,632.135 563.993,628.905 563.137,628.735 560.724,625.803 557.823,626.771 556.781,626.717 555.291,628.411 551.646,630.538 549.06,631.368 546.787,630.558 545.448,628.763 546.158,627.936 546.261,625.666 545.695,624.614 547.396,621.532 546.858,619.659 547.98,618.747 548.521,619.688 549.679,619.762 550.281,618.131 552.687,617.698 553.198,615.549 554.103,615.611 555.359,617.797 556.902,617.967 557.678,616.106 558.146,613.481 556.369,612.231 553.616,611.377 551.918,611.817 550.402,610.86 550.42,607.036 550.197,605.756 551.062,603.601 552.306,602.192 550.281,599.432 549.024,598.562 550.641,596.76 550.402,594.086 547.816,592.812 548.49,591.588 545.503,590.565 543.125,589.133 542.563,587.805 541.181,586.774 541.591,585.447 538.91,580.267 537.196,578.553 534.199,576.095 532.187,568.5 532.541,559.399 531.464,559.34 529.554,558.428 528.896,557.377 525.113,554.909 522.605,551.946 522.503,550.254 521.318,550.319 521.351,549.161 520.365,548.354 517.703,547.356 517.781,545.885 517.175,539.106 518.363,538.53 517.916,535.512 518.573,533.766 520.744,534.297 521.526,532.663 520.421,530.917 521.442,529.424 522.066,529.723 523.228,527.878 523.299,526.881 521.391,526.327 522.385,523.918 521.71,521.918 522.117,519.926 518.466,519.216 516.277,519.452 513.759,519.014 511.355,518.157 507.752,515.996 505.193,515.778 505.312,517 504.216,518.098 501.871,517.661 500.531,520.456 499.577,520.418 498.475,521.754 499.577,524.334 499.49,526.014 498.446,526.215 496.501,528.577 495.49,530.356 493.228,529.723 492.392,528.648 490.128,529.844 488.482,529.012 488.482,527.065 488.941,526.26 486.991,524.196 484.781,523.189 482.404,524.159 480.643,523.446 479.471,524.596 477.597,523.53 478.22,521.28 477.186,520.456 476.054,522.151 475.859,523.283 474.298,524.497 473.878,524.196 468.826,522.411 466.205,515.136 465.906,513.567 465.823,510.127 466.775,509.656 467.448,507.451 466.865,506.308 467.576,505.339 469.853,504.956 470.211,505.733 471.755,504.323 473.878,504.882 476.766,506.809 479.201,506.946 482.243,506.784 484.495,503.592 483.74,501.774 484.005,498.428 484.495,496.93 484.158,495.54 484.307,489.314 482.852,489.698 481.886,488.705 481.777,487.092 482.763,484.911 480.523,484.692 479.806,481.701 479.682,479.822 481.242,479.052 481.628,479.655 483.842,479.295 485.265,480.012 487.651,479.854 491.171,480.257 491.287,478.299 491.947,477.714 491.884,475.557 490.067,474.504 489.919,473.512 489.788,472.731 488.242,471.983 488.521,470.685 487.186,468.393 485.031,466.426 486.849,465.229 487.823,462.661 489.681,461.471 489.737,459.479 491.976,456.564 491.437,454.597 490.448,452.69 490.484,451.456 491.263,449.544 490.241,448.239 490.605,447.188 491.908,446.026 492.185,444.721 493.044,443.729 492.068,442.751 492.305,439.516 "
           style="opacity:1;vector-effect:none;fill:#003a65;fill-opacity:1;stroke:#ffffff;stroke-width:1.5;stroke-linecap:round;stroke-linejoin:round;stroke-miterlimit:4;stroke-dasharray:none;stroke-dashoffset:0;stroke-opacity:1" />
      </g>
      
    </g>

  </g>
</svg>
