<?xml version="1.0" encoding="UTF-8" standalone="no"?>
<!-- Generator: Adobe Illustrator 16.0.0, SVG Export Plug-In . SVG Version: 6.00 Build 0)  -->

<svg
   version="1.1"
   id="svg2"
   x="0px"
   y="0px"
   width="597"
   height="829"
   viewBox="0 0 597.00001 829.00003"
   enable-background="new 0 0 496.055 694.488"
   xml:space="preserve"
   sodipodi:docname="2022 Sao Tome.svg"
   inkscape:version="1.1.1 (3bf5ae0d25, 2021-09-20)"
   xmlns:inkscape="http://www.inkscape.org/namespaces/inkscape"
   xmlns:sodipodi="http://sodipodi.sourceforge.net/DTD/sodipodi-0.dtd"
   xmlns:xlink="http://www.w3.org/1999/xlink"
   xmlns="http://www.w3.org/2000/svg"
   xmlns:svg="http://www.w3.org/2000/svg"><defs
   id="defs336"><rect
   x="-164.38356"
   y="343.83562"
   width="389.7335"
   height="84.621143"
   id="rect2416" /><rect
   x="42.1875"
   y="1.5625"
   width="370.3125"
   height="50"
   id="rect21232" /><rect
   x="21.438875"
   y="77.104729"
   width="335.12347"
   height="46.638958"
   id="rect6180" />
	
	
	
	
	
	
	
	
	
	
	
	
	
<rect
   x="21.438875"
   y="77.104729"
   width="335.12347"
   height="46.638958"
   id="rect6180-1" /><rect
   x="21.438875"
   y="77.104729"
   width="335.12347"
   height="46.638958"
   id="rect10576" /><rect
   x="21.438875"
   y="77.104729"
   width="335.12347"
   height="46.638958"
   id="rect10582" /><rect
   x="21.438875"
   y="77.104729"
   width="335.12347"
   height="46.638958"
   id="rect13522" /><rect
   x="21.438875"
   y="77.104729"
   width="335.12347"
   height="46.638958"
   id="rect14398" /><rect
   x="21.438875"
   y="77.104729"
   width="335.12347"
   height="46.638958"
   id="rect14506" /><rect
   x="21.438875"
   y="77.104729"
   width="335.12347"
   height="46.638958"
   id="rect14614" /></defs><sodipodi:namedview
   id="namedview334"
   pagecolor="#ffffff"
   bordercolor="#666666"
   borderopacity="1.0"
   inkscape:pageshadow="2"
   inkscape:pageopacity="0.0"
   inkscape:pagecheckerboard="0"
   showgrid="false"
   inkscape:zoom="1.46"
   inkscape:cx="61.30137"
   inkscape:cy="450.34247"
   inkscape:window-width="1920"
   inkscape:window-height="1009"
   inkscape:window-x="-8"
   inkscape:window-y="-8"
   inkscape:window-maximized="1"
   inkscape:current-layer="svg2"
   showguides="true"
   inkscape:guide-bbox="true"
   width="620px"><sodipodi:guide
     position="412.32877,934.47949"
     orientation="0,-1"
     id="guide39937" /></sodipodi:namedview>


<path
   id="Cantagalo"
   fill="#e8f2ad"
   d="m 214.73891,617.08954 c 0,0 0.69994,3.49968 2.09981,6.29943 1.39987,2.79974 2.79974,4.89955 5.59949,5.59949 2.79974,0.69993 4.89955,0 6.99936,2.79974 2.09981,2.79975 6.29943,3.49968 9.09917,4.89955 2.79975,1.39988 8.39924,4.89956 8.39924,9.09917 0,4.19962 2.79974,6.99937 2.79974,6.99937 l 10.06788,5.00874 1.46707,-1.28508 5.07593,1.23468 1.46147,-2.34618 -2.78295,-5.07874 1.03591,-2.55897 6.5542,0.37797 1.67705,-1.92622 -0.46756,-5.94946 2.09981,-2.71295 8.15565,-10.53824 2.91454,-5.76468 3.58087,-1.50906 6.12584,-0.25757 4.4152,-2.79415 11.94651,-13.47797 3.53608,-7.6769 6.29382,-6.21263 4.18002,-5.98306 1.65745,-4.89955 -3.44649,-8.90319 2.06062,-7.24573 4.19401,-4.28081 -4.28921,-8.89759 2.68776,-7.88408 2.73255,-2.35739 6.12584,-0.47035 0.75873,-1.0947 1.74984,-2.53657 -0.65234,-2.75495 -1.78904,-1.57626 -2.32938,0.55715 -6.99936,1.39987 c 0,0 -6.29943,2.09981 -9.79911,3.49968 -3.49968,1.39988 -8.39923,1.39988 -12.59885,1.39988 -4.19962,0 -6.29942,0.69993 -10.49904,2.0998 -4.19962,1.39988 -6.99936,7.6993 -9.79911,9.79911 -2.79974,2.09981 -6.29942,2.79975 -9.7991,0.69994 -3.49968,-2.09981 -8.39924,-1.39988 -11.19898,-1.39988 -2.79974,0 -5.59949,0 -9.09917,2.79975 -3.49968,2.79974 -3.49968,8.39923 -3.49968,12.59885 0,4.19962 0.69994,7.6993 3.49968,11.89891 2.79974,4.19962 0,6.29943 0,6.29943 0,0 -5.59949,0 -8.39923,0 -2.79975,0 -4.89956,0 -8.39924,-3.49968 -3.49968,-3.49968 -7.6993,-2.79975 -11.89891,0 -4.19962,2.79974 -12.59885,2.79974 -12.59885,2.79974 z"
   style="fill:#e5d200;fill-opacity:1;stroke:#ffffff;stroke-width:0.839923;stroke-miterlimit:4;stroke-dasharray:none;stroke-opacity:1" /><path
   id="Caue"
   style="fill:#d47777;fill-opacity:1;stroke:#ffffff;stroke-width:0.839923;stroke-miterlimit:4;stroke-dasharray:none;stroke-opacity:1"
   d="m 172.04466,558.28433 -6.99937,1.39987 c 0,0 -6.99936,0.69993 -11.19897,2.79974 -4.19962,2.09981 -6.29943,6.29943 -5.59949,9.09917 0.69993,2.79975 1.39987,6.29943 2.79974,11.19898 1.39987,4.89955 0.69994,9.79911 -2.09981,14.69866 -2.79974,4.89955 -0.69993,18.19834 -0.69993,23.09789 0,4.89955 -3.49968,6.29943 -5.59949,10.49904 -2.09981,4.19962 -7.6993,15.3986 -11.89892,18.19834 -4.19961,2.79975 -7.69929,14.69866 -10.49904,18.19834 -2.79974,3.49968 -8.39923,8.39923 -13.99872,11.89891 -5.59949,3.49969 -13.107425,10.66857 -13.107425,10.66857 l 1.082717,3.60358 -1.848279,7.02669 8.705467,5.46277 7.17983,0.15847 4.03556,2.73415 1.72797,5.29871 -2.26933,7.67197 1.64048,20.81764 -1.61313,10.63573 -4.83941,2.58648 -1.02801,3.19894 3.65277,8.04926 -0.0224,1.49282 -0.11479,8.49768 1.30689,4.8722 4.87223,2.08889 v 0.006 l 10.76152,-6.84078 4.79565,-3.05127 0.34997,-9.56944 3.14972,-2.57009 2.32398,0.41011 2.14357,3.38486 1.09912,6.15726 4.03009,2.09432 7.58994,-1.7553 2.25293,-10.0069 6.49081,-7.0595 0.6015,-4.46758 -2.19276,-11.03492 1.64046,-6.60017 2.92553,-4.06293 3.57623,-1.93575 6.76421,0.58509 0.85854,1.02804 6.38692,7.63916 7.37119,-3.45595 3.13331,-4.48396 2.74506,-0.6562 3.81684,2.3076 4.43474,-0.45386 6.88454,-11.52705 5.45183,-5.14017 2.73961,-0.82024 6.7478,-2.01231 2.92554,-4.48945 10.37325,2.89818 2.29669,-3.20439 0.14223,-9.56398 -0.60699,-4.22148 -0.0602,-0.45387 -4.65895,-1.87561 0.16939,-5.31514 6.32678,-1.74984 5.03077,-5.13468 6.11353,-2.17089 5.2003,-10.66311 2.31306,-1.08272 -0.2461,-5.52291 -10.06704,-5.00894 c 0,0 -2.79974,-2.79975 -2.79974,-6.99936 0,-4.19962 -5.59949,-7.6993 -8.39923,-9.09917 -2.79975,-1.39987 -6.99937,-2.09981 -9.09918,-4.89955 -2.09981,-2.79975 -4.19961,-2.09981 -6.99936,-2.79975 -2.79974,-0.69993 -4.19961,-2.79974 -5.59949,-5.59949 -1.39987,-2.79974 -2.09981,-6.29942 -2.09981,-6.29942 l 0.69994,-35.69674 c 0,0 -5.59949,-2.79975 -8.39923,-4.89956 -2.79975,-2.09981 -4.89956,-1.39987 -8.39924,-1.39987 -3.49968,0 -9.7991,-2.09981 -12.59885,-2.09981 -2.79974,0 -7.69929,-2.09981 -7.69929,-2.09981 0,3e-5 -5.59949,-9.80162 -6.29943,-12.60977 z m -55.69415,248.89291 -7.44228,3.10049 0.77648,3.62545 2.92005,1.7553 0.59055,2.13808 0.59058,2.34591 3.41768,-1.84282 3.60358,-0.78194 3.07314,-6.10258 -2.48259,-2.59743 1.37254,-1.64046 z" /><path
   id="Agua_Grande"
   style="fill:#b8aa00;fill-opacity:1;stroke:#ffffff;stroke-width:0.839923;stroke-miterlimit:4;stroke-dasharray:none;stroke-opacity:1"
   d="m 296.21223,424.08798 c -2.99259,0.18423 -8.06567,5.48465 -5.87837,8.21876 2.79975,3.49969 9.09917,-2.79974 7.6993,-6.99936 -0.30624,-0.91865 -0.98302,-1.271 -1.82093,-1.2194 z m -12.8504,17.9796 -0.72727,9.83738 c 0,0 -0.69993,6.99936 1.39988,10.49904 2.09981,3.49968 3.49968,9.7991 5.59949,13.29878 2.0998,3.49968 1.39987,4.19962 -1.39988,7.6993 -2.79974,3.49968 -0.69993,9.09917 0.69994,12.59885 1.39987,3.49968 0.69994,6.99936 -0.69994,10.49904 -1.39987,3.49968 -0.093,5.2386 -0.093,5.2386 1.29068,0.56275 3.94263,1.23444 4.99253,1.76076 4.19962,2.09981 9.79911,2.79975 13.99873,2.79975 4.19961,0 11.89891,1.39987 11.89891,1.39987 l 11.34661,0.67807 -0.64526,-5.41902 -6.1463,-2.29668 -1.93578,-4.65895 1.62954,-8.30628 0.11479,-13.39174 -1.70062,-2.32947 -3.37938,0.44841 -2.7232,3.63636 -3.37391,1.50926 -3.60358,-1.88655 -1.93029,-4.23789 2.25293,-6.65488 0.85305,-2.50991 -2.57008,-4.23243 -7.79773,2.82161 -3.40673,-3.80589 0.82573,-2.98022 7.31651,-10.25843 -0.0655,-0.36637 -0.37184,-1.96856 -5.3042,-2.30215 -9.94676,-1.83733 z" /><path
   id="Lobata"
   fill="#ffdea9"
   d="m 188.14134,469.40302 c 2.09981,3.49968 2.79974,11.19898 -1.39987,13.29879 -4.19962,2.09981 -6.99936,6.99936 -6.99936,6.99936 0,0 -1.39988,2.09981 0,4.89955 1.39987,2.79975 2.0998,4.89956 2.0998,7.6993 0,1.45027 0.75034,4.20522 0.89032,7.61251 0,0 13.10841,2.88653 16.60809,1.48666 3.49968,-1.39987 6.99936,-0.69994 9.09917,-4.19962 2.0998,-3.49968 2.0998,-4.89955 4.89955,-6.29942 2.79974,-1.39987 8.39923,-9.09917 8.39923,-9.09917 0,0 3.49968,-2.79975 8.39924,-2.79975 4.89955,0 7.6993,0 11.19898,-1.39987 3.49968,-1.39987 5.59949,-3.49968 6.29942,0.69994 0.69994,4.19961 1.39987,7.6993 1.39987,7.6993 0,0 0,2.0998 3.49968,2.0998 3.49968,0 9.09917,0 9.09917,0 0,0 0,3.49968 2.79975,5.59949 2.79974,2.09981 7.6993,1.39987 7.6993,1.39987 0,0 6.29942,-2.0998 6.29942,0.69994 0,2.79975 2.09981,6.29943 2.09981,6.29943 3.02932,-0.26318 4.73437,-0.33317 7.6097,-0.36117 0,0 -1.31028,-1.73864 0.0896,-5.23832 1.39987,-3.49968 2.0998,-6.99936 0.69993,-10.49904 -1.39987,-3.49969 -3.49968,-9.09917 -0.69993,-12.59885 2.79974,-3.49969 3.49968,-4.19962 1.39987,-7.6993 -2.09981,-3.49968 -3.49968,-9.79911 -5.59949,-13.29879 -2.09981,-3.49968 -1.39987,-10.49904 -1.39987,-10.49904 l 0.72513,-9.8383 -3.35689,-7.37173 -1.37188,-3.01252 -3.81885,-2.30699 -9.93349,-0.14279 -9.98109,-6.51781 -5.07594,-0.60194 -5.89906,2.37978 -9.29515,0.27998 -9.27556,3.68446 -3.38489,-0.61874 -3.83005,-3.58088 -0.99111,0.17079 -2.80534,0.49275 -2.51417,2.99573 -8.46083,-1.21509 -6.49821,6.85097 -4.05683,6.36942 -1.79183,2.81655 -12.1061,11.58814 c -0.008,0 7.13095,11.57694 9.23076,15.07662 z"
   style="fill:#e5d200;fill-opacity:1;stroke:#ffffff;stroke-width:0.839923;stroke-miterlimit:4;stroke-dasharray:none;stroke-opacity:1" /><path
   id="Lemba"
   fill="#e8f2ad"
   d="m 91.844126,686.22923 -6.162238,-4.62518 1.450268,-4.05123 -0.652341,-2.75494 -4.854757,-3.60887 -1.0947,-0.80913 0.128789,-10.63063 -2.656958,-16.35051 -6.307824,-10.45984 -5.675082,-9.42674 2.264993,-7.88408 -3.236505,-8.69041 2.264994,-8.09406 -1.747041,-7.42492 1.439069,-5.32512 -1.74984,-7.85328 3.961638,-6.6214 0.76713,-10.20786 2.483373,-7.03296 4.633577,-1.94583 5.451103,-5.35871 4.364801,-9.59752 4.487991,-21.29206 2.715752,-4.48519 10.513042,-6.66619 6.28822,-6.63819 8.22285,-2.82215 6.06985,-7.49211 10.09028,-7.29894 12.81443,-9.87469 7.19254,0.79792 5.06194,-1.1003 4.3984,-5.13473 4.07363,-3.52768 10.06788,-7.6125 c 0,0 7.13935,11.57694 9.23916,15.07662 2.09981,3.49968 2.79974,11.19898 -1.39987,13.29879 -4.19962,2.09981 -6.99937,6.99936 -6.99937,6.99936 0,0 -1.39987,2.09981 0,4.89955 1.39988,2.79975 2.09981,4.89956 2.09981,7.6993 0,1.45027 0.75033,4.20522 1.0863,6.82578 0.31077,2.44417 0.26598,4.76236 -1.0863,5.77587 -2.79974,2.09981 -2.79974,6.99936 -2.79974,9.79911 0,2.79974 0,16.79846 0,16.79846 l -4.89955,9.79911 c 0,0 -2.79975,4.19961 -2.09981,6.99936 l -6.99936,1.39987 c 0,0 -6.99937,0.69994 -11.19898,2.79975 -4.19962,2.0998 -6.29943,6.29942 -5.59949,9.09917 0.69994,2.79974 1.39987,6.29942 2.79974,11.19897 1.39988,4.89956 0.69994,9.79911 -2.0998,14.69866 -2.79975,4.89955 -0.69994,18.19834 -0.69994,23.09789 0,4.89956 -3.49968,6.29943 -5.59949,10.49905 -2.09981,4.19961 -7.6993,15.39859 -11.89891,18.19833 -4.19962,2.79975 -7.6993,14.69866 -10.49905,18.19834 -2.79974,3.49968 -8.39923,8.39924 -13.99872,11.89892 -5.59949,3.49968 -13.105604,10.66422 -13.105604,10.66422 z"
   style="fill:#ffe11a;fill-opacity:1;stroke:#ffffff;stroke-width:0.839923;stroke-miterlimit:4;stroke-dasharray:none;stroke-opacity:1" /><path
   id="Me-Zochi"
   fill="#fffdc0"
   d="m 329.52844,532.39727 c 0,0 -6.29943,2.09981 -9.79911,3.49968 -3.49968,1.39988 -8.39923,1.39988 -12.59885,1.39988 -4.19962,0 -6.29942,0.69993 -10.49904,2.0998 -4.19962,1.39988 -6.99936,7.6993 -9.79911,9.79911 -2.79974,2.09981 -6.29942,2.79974 -9.7991,0.69994 -3.49968,-2.09981 -8.39924,-1.39988 -11.19898,-1.39988 -2.79974,0 -5.59949,0 -9.09917,2.79975 -3.49968,2.79974 -3.49968,8.39923 -3.49968,12.59885 0,4.19962 0.69994,7.6993 3.49968,11.89891 2.79975,4.19962 0,6.29943 0,6.29943 0,0 -5.59949,0 -8.39923,0 -2.79975,0 -4.89956,0 -8.39924,-3.49968 -3.49968,-3.49968 -7.6993,-2.79975 -11.89891,0 -4.19962,2.79974 -12.59885,2.79974 -12.59885,2.79974 0,0 -5.59949,-2.79974 -8.39924,-4.89955 -2.79974,-2.09981 -4.89955,-1.39987 -8.39923,-1.39987 -3.49968,0 -9.79911,-2.09981 -12.59885,-2.09981 -2.79974,0 -7.6993,-2.09981 -7.6993,-2.09981 0,0 -5.59949,-9.79911 -6.29942,-12.59885 -0.69994,-2.79974 2.09981,-6.99936 2.09981,-6.99936 l 4.89955,-9.79911 c 0,0 0,-13.99872 0,-16.79846 0,-2.79975 0,-7.6993 2.79974,-9.79911 1.34948,-1.01071 1.39708,-3.3289 0.89032,-4.98634 0,0 13.10841,2.88653 16.60809,1.48666 3.49968,-1.39987 6.99936,-0.69994 9.09917,-4.19962 2.0998,-3.49968 2.0998,-4.89955 4.89955,-6.29942 2.79974,-1.39987 8.39923,-9.09917 8.39923,-9.09917 0,0 3.49968,-2.79975 8.39924,-2.79975 4.89955,0 7.6993,0 11.19898,-1.39987 3.49968,-1.39987 5.59949,-3.49968 6.29942,0.69994 0.69994,4.19961 1.39987,7.6993 1.39987,7.6993 0,0 0,2.0998 3.49968,2.0998 3.49968,0 9.09917,0 9.09917,0 0,0 0,3.49968 2.79975,5.59949 2.79974,2.09981 7.6993,1.39987 7.6993,1.39987 0,0 6.29942,-2.0998 6.29942,0.69994 0,2.79975 2.09981,6.29943 2.09981,6.29943 3.02932,-0.26318 4.73437,-0.33317 7.52291,-0.028 1.37748,0.22958 4.02603,0.90152 5.07594,1.42787 4.19962,2.09981 9.7991,2.79974 13.99872,2.79974 4.19962,0 11.89892,1.39987 11.89892,1.39987 l 11.35016,0.67754 2.82494,7.09736 4.49079,5.24392 z"
   style="fill:#b8aa00;fill-opacity:1;stroke:#ffffff;stroke-width:0.839923;stroke-miterlimit:4;stroke-dasharray:none;stroke-opacity:1" /><path
   id="Pagué "
   style="fill:#e5d200;fill-opacity:1;stroke:#ffffff;stroke-width:0.839923;stroke-miterlimit:4;stroke-dasharray:none;stroke-opacity:1"
   d="m 484.56938,43.372172 c -3.33749,0.127388 -3.29734,4.210535 -0.54136,4.899553 2.79975,0.699936 4.19962,-4.899553 0.69994,-4.899553 -0.0546,0 -0.10555,-0.002 -0.15847,0 z m -9.16479,2.805204 -2.74504,0.86946 -0.16939,6.386917 -3.53795,5.812746 -6.56739,2.334931 -9.75534,-2.914562 -1.8975,1.290486 0.0437,6.807999 -2.71771,5.555729 2.15995,6.370508 -0.38824,5.11281 4.28165,7.42042 -5.87837,6.84627 -0.60153,5.11281 2.80523,8.92418 -1.66234,4.69176 -4.40742,5.13467 -1.43814,6.60566 -5.69793,2.80521 -6.33224,0.50854 -2.34042,0.18591 -3.98633,-5.41359 -4.94331,-0.7054 -4.42382,3.22629 -1.87015,4.69176 1.52564,6.58922 4.86677,0.60699 -1.00618,7.45322 4.73003,11.46692 -1.38892,13.41909 3.42313,5.71979 4.65349,-0.028 2.71225,-6.19007 3.58717,-1.51469 4.03009,2.10527 0.44292,0.56871 7.88523,10.23108 9.95222,1.00071 3.12782,5.05264 2.64666,4.27619 13.32065,-2.20919 2.34588,2.74506 -0.81478,4.90504 0.864,2.97473 2.53727,-0.0168 2.3076,-3.20988 -2.83804,-13.59953 1.24678,-3.62545 9.25226,-9.00075 5.74715,4.85582 3.38483,0.40464 1.47096,-1.28502 0.83119,-2.98022 -2.35137,-3.39029 3.33564,-8.11489 1.79906,-15.97277 -3.86059,-7.63367 -0.0224,-4.0465 2.08886,-3.84419 12.84495,-10.2967 3.60355,1.31784 3.82232,1.39987 2.11073,-0.65072 4.40741,-5.77447 4.38009,-10.24205 -3.19347,-2.96379 -4.22694,1.30692 1.22489,-7.45871 -0.864,-2.12167 -9.30148,1.33424 -3.4286,-6.57828 -2.1217,-0.19682 -3.57077,4.27619 -9.29602,2.40602 -1.06082,-1.06083 -0.22426,-1.48736 8.00005,-6.64939 2.2912,-5.7581 8.86401,-3.24812 3.7567,-8.541406 0.78743,-0.426541 2.79974,-1.50923 4.23789,0.606984 4.46758,3.592632 0.33357,-0.06551 1.99042,-0.371834 0.78197,-9.799105 -1.28503,-2.761472 -7.42042,-2.291199 -7.24543,-7.617265 -3.81686,-0.404647 -6.62204,5.861965 -1.37252,1.213941 -9.11011,-1.219401 -5.74712,-4.648023 -13.32068,1.361599 z m 32.52516,165.316154 c -0.32791,-5.3e-4 -0.60696,0.16967 -0.80383,0.56323 -1.39988,2.79974 1.39987,9.7991 4.19961,7.69929 2.40605,-1.80452 -1.39184,-8.25913 -3.39578,-8.26252 z m -149.90115,102.32739 -3.80043,1.08817 -2.31855,1.93031 0.2461,5.10733 2.99113,4.0246 5.09095,1.88109 2.94737,-1.72248 1.0335,-3.62545 -1.72795,-5.94946 z m 5.32061,36.77943 -4.21056,2.79428 -0.60699,4.25976 1.50926,4.03558 4.03009,1.88655 3.59263,-0.66167 1.8811,-2.99113 -0.44841,-4.67535 -2.77788,-4.03012 z" />

<path
   style="font-style:italic;font-size:20px;line-height:1.25;-inkscape-font-specification:'sans-serif Italic';white-space:pre;shape-inside:url(#rect16193);fill:#e5d200;fill-opacity:1;stroke:none;stroke-width:0.569609;stroke-miterlimit:4;stroke-dasharray:none;stroke-opacity:1"
   d="m 497.31897,813.5743 c -1.06471,-1.06284 -1.24264,-1.60653 -1.00465,-3.07029 0.22385,-1.3776 0.01,-2.1878 -0.94577,-3.59278 -0.67912,-0.99778 -1.23488,-2.05974 -1.23488,-2.35986 0,-0.30011 -0.88904,-1.73519 -1.97563,-3.18903 -1.67946,-2.24709 -2.02451,-3.14484 -2.30146,-5.98779 -0.48873,-5.01633 -2.09321,-10.446 -4.24991,-14.38156 -1.0602,-1.93468 -2.07868,-4.44659 -2.26328,-5.58221 -0.39285,-2.41614 0.59011,-6.01249 2.83415,-10.36957 l 1.4927,-2.89851 -0.8388,-2.5209 c -0.4692,-1.41029 -0.69845,-3.07909 -0.52033,-3.7877 0.20864,-0.82933 -0.0147,-1.81727 -0.64909,-2.86164 -0.53221,-0.87738 -1.32242,-2.83724 -1.7562,-4.35544 -0.57931,-2.02791 -1.387,-3.34643 -3.04339,-4.96872 -3.18637,-3.1208 -3.60072,-4.34941 -2.61177,-7.74531 1.24391,-4.27129 1.06569,-6.88377 -0.5961,-8.74191 -1.29779,-1.45108 -1.59574,-1.54911 -4.21948,-1.38929 -2.75957,0.16811 -2.82964,0.13944 -3.11219,-1.27095 -0.20982,-1.04687 -0.85341,-1.73035 -2.34503,-2.48997 -1.98289,-1.00994 -2.8317,-1.01369 -5.26663,-0.0241 -0.55301,0.22488 -2.81541,1.00409 -5.02756,1.7316 -3.32622,1.09404 -4.32498,1.23508 -5.77293,0.81595 -1.37159,-0.39705 -2.52701,-0.29443 -5.33391,0.4744 -2.90046,0.79424 -3.95182,0.87961 -5.51903,0.44755 -3.27005,-0.90128 -8.88829,-5.95626 -9.68745,-8.71637 -0.61838,-2.13575 -4.46447,-7.11343 -5.7734,-7.47198 -0.83181,-0.22778 -0.93413,-0.40436 -0.4248,-0.73242 0.51227,-0.32997 0.42309,-0.49704 -0.37708,-0.70589 -1.27057,-0.33165 -1.39699,-1.36829 -0.16811,-1.37899 0.7519,-0.008 0.77018,-0.0783 0.12558,-0.4943 -0.47497,-0.30642 -0.52777,-0.48929 -0.14268,-0.49413 0.39926,-0.007 0.24729,-0.62385 -0.4379,-1.78315 -0.96435,-1.63159 -0.98441,-1.84713 -0.24766,-2.65984 2.24935,-2.48118 2.74219,-7.82318 1.03228,-11.18901 -0.8163,-1.60666 -0.29139,-3.82628 1.45057,-6.13382 0.65585,-0.86863 1.93636,-2.9826 2.84558,-4.6976 1.59043,-2.99992 5.1356,-7.17056 6.09511,-7.17056 1.06183,0 4.48766,-3.67662 4.48766,-4.81614 0,-2.57279 1.54096,-5.13786 4.05305,-6.74712 1.34993,-0.86462 2.93176,-2.34317 3.5152,-3.28561 1.1934,-1.92747 1.3624,-1.99041 2.75224,-1.02354 0.54549,0.3796 1.90079,0.84227 3.01182,1.02825 1.69456,0.28391 2.5047,0.0795 5.02756,-1.26737 4.34108,-2.3176 7.02381,-2.89625 11.99092,-2.58701 3.27607,0.20413 4.75081,0.0727 6.33879,-0.56075 2.33856,-0.93408 4.36032,-0.38125 3.813,1.04255 -0.16439,0.42787 -0.0638,1.06076 0.22317,1.4061 0.36144,0.43482 0.3586,1.05789 -0.01,2.02344 -0.46204,1.21311 -0.35958,1.5743 0.78521,2.76692 0.72407,0.75461 2.02068,1.51249 2.88126,1.68423 4.04058,0.80677 5.1894,1.32926 6.02378,2.73924 0.61121,1.03287 1.41261,1.56315 2.73748,1.81132 1.03027,0.19276 2.5262,0.68789 3.32446,1.09998 1.3554,0.69974 1.53107,0.67419 2.66143,-0.38581 0.75999,-0.71273 1.10466,-1.46726 0.92644,-2.028 -0.15634,-0.4911 -0.0373,-1.35314 0.26438,-1.91567 0.77785,-1.45089 2.98627,-1.30844 6.43449,0.41484 3.78639,1.89228 10.78763,3.19746 13.48498,2.51393 1.36276,-0.34522 2.42443,-0.33275 3.4069,0.04 1.27708,0.48467 1.40427,0.73529 1.21123,2.38618 -0.1742,1.48966 0.17086,2.4782 1.7928,5.13631 1.10465,1.81041 2.91188,5.09833 4.01595,7.30668 1.10416,2.20834 2.53542,4.71394 3.18078,5.5681 0.6645,0.87946 1.17325,2.25422 1.17325,3.16972 0,1.89135 0.56528,3.07152 2.78548,5.8169 0.89306,1.1041 1.77514,2.71609 1.96042,3.58236 0.2374,1.11081 1.20809,2.27229 3.29433,3.94281 3.17068,2.5386 5.22512,5.18843 5.73505,7.39667 0.19157,0.82975 0.91711,1.68109 1.83736,2.15621 1.40211,0.72366 1.89565,0.70393 6.32663,-0.25443 2.64308,-0.57172 5.44308,-1.36847 6.22211,-1.77058 l 1.41644,-0.73114 0.33612,1.98668 c 0.30561,1.80528 -0.0226,2.67465 -3.60239,9.52743 -3.84832,7.3679 -4.0284,7.61157 -7.85484,10.62708 -2.15386,1.69731 -4.40782,3.77563 -5.00882,4.61805 -0.60101,0.84247 -2.52355,3.11793 -4.27268,5.05632 -5.10421,5.65755 -5.79805,10.63316 -2.41265,17.3021 0.8597,1.69393 1.19573,2.9763 0.99179,3.78694 -0.16938,0.67417 -0.0599,2.37695 0.24143,3.78412 0.47597,2.21532 0.42219,2.80777 -0.40159,4.41895 -1.18876,2.32518 -2.13442,3.16087 -5.45751,4.82324 -1.45167,0.7262 -2.63945,1.53498 -2.63945,1.79698 0,0.26224 -1.01809,1.6211 -2.26239,3.01971 -1.24431,1.39864 -2.2625,2.77031 -2.2625,3.04815 0,0.2778 0.46645,1.41771 1.03654,2.53332 1.70919,3.3443 0.56077,5.76775 -3.53614,7.46169 -1.72705,0.7141 -2.2941,2.17219 -1.8668,4.80035 0.22385,1.37703 0.0815,1.8352 -0.70022,2.25271 -0.53967,0.2884 -1.51517,1.36161 -2.16789,2.38478 -2.06092,3.23099 -7.98518,8.94799 -10.67654,10.3031 -2.24562,1.13093 -2.82003,1.2307 -4.47014,0.77594 -1.45461,-0.40103 -2.62875,-0.33758 -5.0677,0.27408 -3.95068,0.99056 -3.53163,1.03177 -5.06152,-0.49567 z m 52.36952,-19.88543 c -1.41949,-0.80357 -1.62116,-1.22783 -1.99203,-4.19025 -0.29618,-2.36735 -0.17253,-2.88179 1.24607,-5.18336 1.44166,-2.33908 1.54549,-2.78964 1.22762,-5.33049 -0.45929,-3.66863 0.32239,-5.59641 2.45838,-6.06415 2.01225,-0.44071 6.36658,-4.27802 7.40989,-6.53033 l 0.79728,-1.72111 0.55409,1.21406 c 1.39436,3.05483 1.25245,4.3966 -1.17334,11.09675 -1.29789,3.58496 -2.69019,7.87315 -3.09423,9.52942 -1.29288,5.30051 -2.02745,6.57852 -4.14519,7.21183 -2.25445,0.67434 -2.03619,0.67648 -3.28854,-0.0326 z m 26.89813,-11.16505 c 0,-0.1208 0.22601,-0.36081 0.50276,-0.53142 0.27656,-0.17067 0.50267,-0.0722 0.50267,0.22146 0,0.29231 -0.22631,0.53151 -0.50267,0.53151 -0.27665,0 -0.50276,-0.10008 -0.50276,-0.22155 z m -1.00553,-24.37094 c 0,-0.27603 0.22601,-0.50191 0.50276,-0.50191 0.27656,0 0.50277,0.2259 0.50277,0.50191 0,0.27606 -0.22631,0.5018 -0.50277,0.5018 -0.27655,0 -0.50276,-0.2258 -0.50276,-0.5018 z"
   id="Africa" /><path
   id="Europe"
   style="font-style:italic;font-size:20px;line-height:1.25;-inkscape-font-specification:'sans-serif Italic';white-space:pre;shape-inside:url(#rect16193);fill:#b8aa00;fill-opacity:1;stroke-width:0.561916;stroke-miterlimit:4;stroke-dasharray:none"
   d="m 516.14419,528.85582 c -0.6068,-0.008 -1.23871,-0.005 -1.90017,0.0112 -3.02867,0.0772 -5.3948,0.48971 -7.2877,1.26862 -1.54187,0.63442 -4.00515,1.58234 -5.46988,2.10338 -1.46472,0.52106 -2.66359,1.1944 -2.66359,1.49932 0,0.30487 -1.03095,1.4823 -2.29557,2.61417 -1.26452,1.1318 -2.62885,2.68988 -3.03151,3.4654 -0.90504,1.74339 -6.21779,5.46212 -8.83634,6.18389 -2.60902,0.71915 -5.12099,3.06853 -4.61862,4.32216 0.2112,0.52698 0.44232,1.68011 0.51072,2.5592 0.13779,1.76917 2.19694,3.685 3.9761,3.70157 0.61671,0.005 1.99468,-0.52425 3.06449,-1.17527 l 1.94953,-1.18077 1.53224,1.83429 c 0.8438,1.00894 1.68731,2.52388 1.87279,3.36657 0.18529,0.84263 0.84694,1.99473 1.47179,2.5592 1.10377,0.99711 1.19317,0.99189 3.1907,-0.15913 1.41702,-0.8166 2.32422,-1.90127 2.92169,-3.49284 0.47686,-1.27023 1.48956,-2.73441 2.24611,-3.25126 2.46005,-1.68025 2.79627,-2.70078 1.07649,-3.24569 -0.62495,-0.19797 -1.52459,-0.95222 -1.9991,-1.67504 -0.77206,-1.17708 -0.77304,-1.48855 -0.0108,-2.96015 0.46812,-0.9036 1.60074,-1.95041 2.5153,-2.32856 0.91446,-0.37812 2.78862,-1.92577 4.16276,-3.43795 2.60059,-2.86176 3.71643,-3.30793 4.85484,-1.93863 0.76882,0.92474 0.27695,2.12136 -2.42187,5.87634 -2.09684,2.91727 -1.73903,4.52769 1.318,5.90382 1.96828,0.88601 2.64367,0.93068 5.21177,0.35697 2.89569,-0.64691 6.31505,-0.38189 6.88131,0.53272 0.64654,1.04436 -3.06321,2.20408 -6.04104,1.8892 -1.62715,-0.17207 -3.32946,-0.059 -3.78395,0.24717 -0.70061,0.47193 -0.6221,0.77232 0.52721,1.99358 1.19464,1.26938 1.25618,1.54051 0.5273,2.26818 -0.68855,0.68719 -1.13488,0.71128 -2.6581,0.13721 -2.23865,-0.8435 -3.08912,0.028 -2.62502,2.69654 0.31297,1.80045 -0.38343,2.78515 -2.90531,4.08599 -0.88825,0.45818 -1.5975,0.4617 -2.55367,0.028 -1.03929,-0.4727 -1.96288,-0.35797 -4.31105,0.5327 -2.68018,1.01665 -3.15281,1.05487 -4.54727,0.335 -1.21319,-0.62621 -1.9406,-0.66922 -3.3116,-0.19233 -1.4343,0.49912 -1.94119,0.44591 -2.75683,-0.29105 -1.35294,-1.22218 -2.04119,-1.13889 -3.55322,0.42836 -0.76911,0.79716 -2.18261,1.44241 -3.52584,1.61463 -1.66747,0.21397 -2.96252,0.95654 -5.04699,2.88873 -1.54176,1.42928 -3.3589,2.73825 -4.03646,2.91072 -0.67765,0.17236 -1.62714,0.91375 -2.1089,1.64758 -0.9967,1.51856 -3.99632,3.24594 -4.78889,2.75696 -0.29059,-0.1794 -1.20544,0.11838 -2.03197,0.65901 -0.82653,0.54067 -2.38782,0.98852 -3.47078,0.99954 -2.8425,0.0282 -2.78126,1.10478 0.1262,2.21325 1.97701,0.75368 2.63759,1.34917 3.11935,2.80638 0.73859,2.23414 0.19432,6.21692 -1.01593,7.42507 -0.8809,0.87918 -4.63639,0.82572 -11.06066,-0.15915 -2.78208,-0.42659 -4.44693,0.81962 -3.91568,2.93269 0.18274,0.72709 -0.0432,2.93165 -0.49975,4.89879 -0.45704,1.96713 -0.7436,4.5472 -0.63702,5.73356 0.17596,1.96223 0.36429,2.18245 2.08136,2.46586 1.03814,0.17124 2.56666,0.75848 3.39397,1.30158 1.16373,0.76396 1.75708,0.84821 2.62512,0.38443 0.6172,-0.32953 2.03805,-0.59861 3.15782,-0.59861 1.11986,0 2.58861,-0.28061 3.26214,-0.62606 2.11568,-1.08503 4.30879,-3.45018 4.31115,-4.65166 0,-1.25626 1.95895,-4.79332 2.6525,-4.79446 0.23592,-3.6e-4 1.15804,-0.63122 2.05395,-1.40044 0.89601,-0.76918 1.96886,-1.40041 2.3835,-1.40041 1.04076,0 0.9494,-1.07623 -0.12631,-1.48833 -0.70355,-0.26967 -0.56076,-0.55434 0.70297,-1.40592 1.18081,-0.79576 2.15631,-0.98535 3.8553,-0.74693 2.3253,0.32618 4.31958,-0.27078 7.03499,-2.1089 1.80144,-1.21927 3.07499,-0.79453 4.21782,1.41145 1.06942,2.06453 5.14866,6.01913 6.21122,6.01913 2.89883,0 6.3965,3.80099 5.93122,6.44751 l -0.29108,1.66954 1.28513,-1.23565 c 1.10878,-1.06355 1.19916,-1.43401 0.64801,-2.64162 -0.78472,-1.71925 -0.15771,-2.22198 2.13629,-1.71897 2.57331,0.56418 1.99576,-0.0999 -1.70801,-1.96612 -3.49296,-1.76021 -10.64317,-8.33341 -10.64317,-9.7866 0,-0.44025 0.49442,-1.06423 1.09297,-1.38396 0.85891,-0.45893 1.24205,-0.35835 1.82872,0.47778 0.40875,0.5826 1.65139,1.43681 2.76242,1.90024 1.11103,0.46339 2.37526,1.34623 2.80629,1.96059 0.43112,0.61433 1.85747,1.43657 3.1688,1.8288 2.52365,0.75476 4.60213,3.22892 4.60213,5.46995 0,2.85931 1.85994,4.70164 5.28872,5.24481 1.50427,0.23817 1.42821,1.25382 -0.10992,1.47184 -1.24381,0.17631 -1.25314,0.21257 -0.31306,1.80132 1.34843,2.2788 2.23619,2.42093 3.19079,0.51077 0.76185,-1.52447 0.72701,-1.84241 -0.49433,-4.13542 -1.12742,-2.11685 -1.2075,-2.57768 -0.5272,-3.14137 0.43868,-0.3635 1.1811,-0.51382 1.64756,-0.33502 0.46645,0.17854 0.85126,0.0899 0.85126,-0.19766 0,-0.97755 2.07485,-1.64928 3.7125,-1.20276 0.88737,0.24209 2.7313,0.20529 4.1024,-0.0767 l 2.49332,-0.5108 -1.35648,-1.02151 c -1.30937,-0.98596 -1.33253,-1.12163 -0.63711,-3.72352 1.48189,-5.54334 6.57698,-11.16545 8.18292,-9.02871 0.33073,0.44001 1.06766,0.97621 1.64197,1.19173 0.83035,0.31141 0.91033,0.55387 0.3845,1.18624 -0.52965,0.63714 -0.38176,0.97703 0.73595,1.70801 1.30701,0.85484 1.53195,0.84467 3.54213,-0.21423 1.6557,-0.87208 1.87033,-1.13949 0.95018,-1.15882 -0.65606,-0.0142 -1.49662,-0.39339 -1.87269,-0.84576 -0.57421,-0.69067 -0.19412,-1.04307 2.3943,-2.18579 4.45885,-1.96838 5.36241,-2.19876 5.23385,-1.35101 -0.0599,0.39746 -0.31208,1.05009 -0.56567,1.45537 -0.25369,0.40527 -0.32111,0.88198 -0.14819,1.05445 0.17262,0.17236 -0.0402,0.99514 -0.47235,1.8288 l -0.7853,1.51576 4.19034,2.37802 c 2.30499,1.30915 4.57926,2.96964 5.05248,3.69057 0.28745,0.43802 0.46656,0.75028 0.5383,1.03246 l 4.80537,-12.13713 v -10.20399 l -2.55367,-17.0085 -3.11395,-15.59155 2.19674,-6.41457 c -0.5323,0.23987 -1.08051,0.49671 -1.65305,0.79633 -2.67606,1.40029 -3.44233,1.58538 -4.41557,1.06545 -0.64782,-0.34615 -1.11741,-0.93697 -1.04341,-1.31258 0.0746,-0.38007 -0.58177,-0.75959 -1.48279,-0.86223 -1.17236,-0.13358 -1.53803,0.0169 -1.3181,0.5547 0.16703,0.40931 0.48167,1.18286 0.69747,1.71897 0.42426,1.05404 0.31356,1.12526 -3.55322,2.11437 -1.72852,0.44214 -2.34336,0.85004 -2.12539,1.41693 0.46527,1.21028 -1.53166,2.04226 -3.29502,1.37298 -2.20862,-0.83824 -3.0218,-0.63388 -1.26315,0.31853 1.90135,1.02969 1.91185,1.24915 0.10992,1.93315 -1.87554,0.71186 -5.51011,-1.07661 -6.64509,-3.26768 -0.44575,-0.86056 -1.49858,-1.87464 -2.33954,-2.25722 -1.13213,-0.51487 -1.36187,-0.86308 -0.89522,-1.32901 0.46685,-0.46585 1.46787,-0.44603 3.86628,0.0658 1.78172,0.38035 4.19378,0.82624 5.36006,0.99404 2.54632,0.36607 5.50658,-0.69366 5.07447,-1.81782 -0.42994,-1.1185 -10.75044,-4.3132 -12.68613,-3.92674 -1.08198,0.21596 -2.20832,-0.0878 -3.64115,-0.98307 -2.49862,-1.56067 -5.46261,-2.29331 -9.70958,-2.36152 z m -73.15695,9.9569 c -0.0864,-0.002 -0.17685,-9.9e-4 -0.2691,0.005 -0.44273,0.0322 -0.96552,0.16168 -1.69145,0.37892 -1.23317,0.36866 -2.72008,0.51907 -3.30068,0.33503 -1.66527,-0.52765 -6.58625,1.31335 -6.91983,2.58669 -0.21737,0.82964 -0.0655,1.01984 0.64257,0.79633 0.5141,-0.16224 1.69454,0.20555 2.61965,0.8128 0.9251,0.60719 2.05823,0.99876 2.52078,0.87322 5.10544,-1.38622 7.21919,-2.15606 8.35871,-3.04253 l 1.35098,-1.04896 -1.51575,-0.99402 c -0.71566,-0.46806 -1.19282,-0.68999 -1.79588,-0.70291 z m 68.64815,15.88811 c -0.14093,0 -0.28068,0.26346 -0.48334,0.79083 -0.1951,0.50747 0,0.84575 0.48334,0.84575 0.48696,0 0.67833,-0.33828 0.48323,-0.84575 -0.20275,-0.52723 -0.3425,-0.79083 -0.48323,-0.79083 z m -49.67374,2.46587 c -1.54157,0.0316 -3.19845,2.9269 -2.47683,4.32761 0.27812,0.53872 0.39108,1.29574 0.25251,1.68053 -0.24123,0.67199 0.45301,0.93625 1.94963,0.7414 0.64929,-0.0846 1.81783,2.09023 1.81783,3.38305 0,0.30379 -0.75587,0.81503 -1.68054,1.13681 -0.94468,0.32872 -1.52331,0.84374 -1.318,1.17527 0.20099,0.32455 -0.0942,0.92817 -0.65901,1.34004 -0.94792,0.69191 -0.89326,0.77312 0.76333,1.10387 2.41491,0.48211 2.73307,1.21799 0.82378,1.90572 -0.86657,0.3121 -2.07976,0.81667 -2.69657,1.12031 -0.85773,0.42224 -0.66077,0.46426 0.84037,0.18672 1.07923,-0.19964 3.92713,-0.64286 6.32653,-0.98853 3.26125,-0.46984 4.20044,-0.79246 3.72349,-1.26868 -0.47696,-0.47611 -0.27077,-0.87483 0.81828,-1.58714 1.60742,-1.05144 1.40584,-2.21015 -0.30757,-1.7629 -0.83506,0.21791 -1.30564,-0.19767 -2.02097,-1.77391 -1.49319,-3.2898 -2.95997,-5.16711 -4.48132,-5.74454 l -1.41693,-0.53822 1.25765,-1.34003 1.25765,-1.33453 -1.31801,-0.19767 c -0.72377,-0.10966 -1.25225,-0.51218 -1.17531,-0.88969 0.0766,-0.37747 -0.0491,-0.68101 -0.28009,-0.67548 z m 26.20713,1.66954 c -1.20151,0 -2.9057,2.34584 -2.58125,3.55327 0.17861,0.66413 0.32955,1.52088 0.33505,1.90571 0.01,0.76863 1.09042,0.91524 1.97151,0.26911 0.74291,-0.54485 0.99111,-5.72807 0.27479,-5.72807 z m -32.44583,5.05253 c -0.12542,-7.2e-4 -0.25104,-5.9e-4 -0.37891,0.005 -1.02163,0.049 -2.07594,0.31418 -2.44935,0.76338 -0.3588,0.43153 -1.27375,0.94149 -2.03207,1.13134 -1.42736,0.3576 -1.78989,1.125 -0.81821,1.72445 0.35241,0.21738 0.25221,0.93794 -0.2747,1.95512 -0.4587,0.88649 -0.68059,2.02188 -0.48883,2.52078 0.22494,0.58508 0.67157,0.76381 1.25768,0.51075 0.49983,-0.21566 1.98457,-0.75959 3.29512,-1.21372 1.9985,-0.6925 2.3834,-1.06937 2.3834,-2.31758 0,-0.81851 0.39285,-2.0448 0.87324,-2.72948 0.48039,-0.68469 0.7173,-1.49953 0.52721,-1.80685 -0.2269,-0.36652 -1.01672,-0.53853 -1.89467,-0.54369 z m 64.12824,48.72984 -2.2462,0.0388 1.68593,0.76888 c 1.93029,0.88229 4.55207,1.05254 5.00312,0.32406 0.40502,-0.65408 -1.64972,-1.17855 -4.44285,-1.13138 z"
   sodipodi:nodetypes="csssssssssscccsssssssssssssssssssssscsssssssssssssssssssssssssssssssssscccsssssssssssssssssssccssssssssssssssccsccccccsssssssssssssssssssccscsssssscccssssssssscsssssssssssssssccccssssscsssscsssssssssssscccssc" /></svg>
